-- Uh Oh
local Players = game:GetService('Players')
local RunService = game:GetService('RunService')

local player = Players.LocalPlayer
local camera = workspace.CurrentCamera

local root = player.Character:WaitForChild('HumanoidRootPart')

camera.CameraType = Enum.CameraType.Scriptable

local frames = {
	{cf=CFrame.new(12.233707,4.046325,0.276047,0.022662,-0.204057,0.978697,-0.000000,0.978948,0.204109,-0.999743,-0.004626,0.022185),fov=70.000000,dt=0.017098},
	{cf=CFrame.new(12.233711,4.047135,0.276260,0.022662,-0.204057,0.978697,-0.000000,0.978948,0.204109,-0.999743,-0.004625,0.022185),fov=70.000000,dt=0.016109},
	{cf=CFrame.new(12.233711,4.047856,0.276443,0.022662,-0.204057,0.978697,-0.000000,0.978948,0.204109,-0.999743,-0.004625,0.022185),fov=70.000000,dt=0.018464},
	{cf=CFrame.new(12.233711,4.048423,0.276581,0.022662,-0.204057,0.978697,0.000000,0.978948,0.204109,-0.999743,-0.004625,0.022185),fov=70.000000,dt=0.016328},
	{cf=CFrame.new(12.233711,4.048888,0.276703,0.022662,-0.204057,0.978697,0.000000,0.978948,0.204109,-0.999743,-0.004625,0.022185),fov=70.000000,dt=0.016233},
	{cf=CFrame.new(12.233711,4.049191,0.276855,0.022662,-0.204057,0.978697,0.000000,0.978948,0.204109,-0.999743,-0.004625,0.022185),fov=70.000000,dt=0.016544},
	{cf=CFrame.new(12.233711,4.049354,0.277069,0.022662,-0.204057,0.978697,0.000000,0.978948,0.204109,-0.999743,-0.004625,0.022185),fov=70.000000,dt=0.018026},
	{cf=CFrame.new(12.233707,4.049378,0.277283,0.022662,-0.204057,0.978697,0.000000,0.978948,0.204109,-0.999743,-0.004625,0.022185),fov=70.000000,dt=0.013549},
	{cf=CFrame.new(12.233711,4.049290,0.277512,0.022662,-0.204057,0.978697,0.000000,0.978948,0.204109,-0.999743,-0.004625,0.022185),fov=70.000000,dt=0.017079},
	{cf=CFrame.new(12.233711,4.049101,0.277740,0.022662,-0.204057,0.978697,0.000000,0.978948,0.204109,-0.999743,-0.004625,0.022185),fov=70.000000,dt=0.016732},
	{cf=CFrame.new(12.233711,4.048823,0.277985,0.022662,-0.204057,0.978697,-0.000000,0.978948,0.204109,-0.999743,-0.004625,0.022185),fov=70.000000,dt=0.017336},
	{cf=CFrame.new(12.233711,4.048276,0.278229,0.022662,-0.204057,0.978697,-0.000000,0.978948,0.204109,-0.999743,-0.004625,0.022185),fov=70.000000,dt=0.016882},
	{cf=CFrame.new(12.233711,4.047500,0.278503,0.022662,-0.204057,0.978697,-0.000000,0.978948,0.204109,-0.999743,-0.004626,0.022185),fov=70.000000,dt=0.016690},
	{cf=CFrame.new(12.233707,4.046528,0.278778,0.022662,-0.204057,0.978697,-0.000000,0.978948,0.204109,-0.999743,-0.004626,0.022185),fov=70.000000,dt=0.017187},
	{cf=CFrame.new(12.233711,4.045534,0.279037,0.022662,-0.204057,0.978697,-0.000000,0.978948,0.204109,-0.999743,-0.004625,0.022185),fov=70.000000,dt=0.016113},
	{cf=CFrame.new(12.233707,4.044590,0.279266,0.022662,-0.204057,0.978697,-0.000000,0.978948,0.204109,-0.999743,-0.004625,0.022185),fov=70.000000,dt=0.014846},
	{cf=CFrame.new(12.230965,4.024613,0.236725,0.022662,-0.204057,0.978697,0.000000,0.978948,0.204109,-0.999743,-0.004625,0.022185),fov=70.000000,dt=0.028046},
	{cf=CFrame.new(12.231037,4.007300,0.197052,0.022662,-0.204057,0.978697,0.000000,0.978948,0.204109,-0.999743,-0.004625,0.022185),fov=70.000000,dt=0.007247},
	{cf=CFrame.new(12.236786,3.979077,0.166031,0.026196,-0.204067,0.978606,-0.001928,0.978930,0.204186,-0.999655,-0.007236,0.025251),fov=70.000000,dt=0.016063},
	{cf=CFrame.new(12.253098,3.945666,0.122162,0.029912,-0.204259,0.978460,-0.003292,0.978872,0.204445,-0.999547,-0.009337,0.028608),fov=70.000000,dt=0.016305},
	{cf=CFrame.new(12.281757,3.919284,0.058746,0.034163,-0.205501,0.978060,-0.009504,0.978521,0.205930,-0.999371,-0.016330,0.031476),fov=70.000000,dt=0.018089},
	{cf=CFrame.new(12.321766,3.897388,0.005325,0.041070,-0.206949,0.977489,-0.024969,0.977797,0.208063,-0.998844,-0.032952,0.034991),fov=70.000000,dt=0.015761},
	{cf=CFrame.new(12.363674,3.864907,-0.016541,0.047434,-0.207161,0.977156,-0.031195,0.977473,0.208743,-0.998387,-0.040384,0.039903),fov=70.000000,dt=0.016932},
	{cf=CFrame.new(12.410147,3.817850,-0.031830,0.050910,-0.206476,0.977126,-0.025034,0.977824,0.207928,-0.998389,-0.035047,0.044612),fov=70.000000,dt=0.018105},
	{cf=CFrame.new(12.451002,3.775631,-0.043976,0.053204,-0.205596,0.977189,-0.019218,0.978183,0.206852,-0.998399,-0.029785,0.048092),fov=70.000000,dt=0.016066},
	{cf=CFrame.new(12.491917,3.736762,-0.058044,0.054722,-0.204948,0.977242,-0.012869,0.978482,0.205929,-0.998419,-0.023845,0.050908),fov=70.000000,dt=0.017125},
	{cf=CFrame.new(12.528683,3.704534,-0.075485,0.055516,-0.204520,0.977287,-0.008253,0.978669,0.205278,-0.998424,-0.019462,0.052644),fov=70.000000,dt=0.016344},
	{cf=CFrame.new(12.564238,3.676626,-0.096939,0.056189,-0.204276,0.977299,-0.006567,0.978749,0.204957,-0.998399,-0.017934,0.053653),fov=70.000000,dt=0.016642},
	{cf=CFrame.new(12.597000,3.651413,-0.118088,0.056487,-0.204171,0.977304,-0.005234,0.978793,0.204784,-0.998390,-0.016682,0.054221),fov=70.000000,dt=0.016222},
	{cf=CFrame.new(12.630733,3.624322,-0.138763,0.056734,-0.204093,0.977306,-0.004175,0.978826,0.204653,-0.998381,-0.015691,0.054681),fov=70.000000,dt=0.017725},
	{cf=CFrame.new(12.658167,3.600207,-0.154404,0.056871,-0.204017,0.977314,-0.003235,0.978856,0.204527,-0.998376,-0.014793,0.055008),fov=70.000000,dt=0.015166},
	{cf=CFrame.new(12.686947,3.573911,-0.172287,0.057067,-0.204003,0.977305,-0.003500,0.978854,0.204531,-0.998364,-0.015092,0.055146),fov=70.000000,dt=0.017215},
	{cf=CFrame.new(12.715557,3.543418,-0.187668,0.057147,-0.203940,0.977314,-0.002600,0.978880,0.204418,-0.998362,-0.014223,0.055410),fov=70.000000,dt=0.018381},
	{cf=CFrame.new(12.741547,3.510685,-0.206192,0.056793,-0.203689,0.977387,-0.001778,0.978945,0.204117,-0.998384,-0.013330,0.055235),fov=70.000000,dt=0.016946},
	{cf=CFrame.new(12.762339,3.482186,-0.232864,0.056003,-0.203389,0.977495,-0.003364,0.978988,0.203892,-0.998425,-0.014707,0.054142),fov=70.000000,dt=0.013697},
	{cf=CFrame.new(12.783569,3.450287,-0.247879,0.055839,-0.203500,0.977481,-0.002430,0.978978,0.203950,-0.998437,-0.013764,0.054171),fov=70.000000,dt=0.016724},
	{cf=CFrame.new(12.803101,3.415993,-0.264328,0.055723,-0.203608,0.977465,-0.002088,0.978961,0.204039,-0.998444,-0.013411,0.054126),fov=70.000000,dt=0.018289},
	{cf=CFrame.new(12.819326,3.382141,-0.286087,0.055541,-0.203638,0.977470,-0.003644,0.978933,0.204149,-0.998450,-0.014900,0.053629),fov=70.000000,dt=0.016480},
	{cf=CFrame.new(12.832041,3.346362,-0.299210,0.055647,-0.203736,0.977443,-0.002895,0.978923,0.204210,-0.998446,-0.014193,0.053884),fov=70.000000,dt=0.016464},
	{cf=CFrame.new(12.841318,3.307242,-0.312653,0.055853,-0.203800,0.977418,-0.001930,0.978922,0.204224,-0.998437,-0.013293,0.054282),fov=70.000000,dt=0.017355},
	{cf=CFrame.new(12.844721,3.267247,-0.329025,0.056091,-0.203825,0.977399,-0.001246,0.978925,0.204215,-0.998425,-0.012673,0.054655),fov=70.000000,dt=0.016641},
	{cf=CFrame.new(12.841782,3.229740,-0.347870,0.056350,-0.203820,0.977385,-0.000972,0.978929,0.204198,-0.998411,-0.012457,0.054965),fov=70.000000,dt=0.015175},
	{cf=CFrame.new(12.833181,3.188327,-0.372696,0.056526,-0.203815,0.977376,-0.000687,0.978933,0.204180,-0.998401,-0.012213,0.055195),fov=70.000000,dt=0.018611},
	{cf=CFrame.new(12.823296,3.157453,-0.395599,0.056354,-0.203779,0.977394,-0.000248,0.978946,0.204117,-0.998411,-0.011745,0.055117),fov=70.000000,dt=0.014520},
	{cf=CFrame.new(12.808086,3.124122,-0.427917,0.055802,-0.203771,0.977427,-0.000156,0.978950,0.204098,-0.998442,-0.011542,0.054596),fov=70.000000,dt=0.018692},
	{cf=CFrame.new(12.793364,3.100416,-0.452744,0.055369,-0.203782,0.977449,-0.000120,0.978950,0.204102,-0.998466,-0.011418,0.054179),fov=70.000000,dt=0.014475},
	{cf=CFrame.new(12.776464,3.079873,-0.474274,0.055059,-0.203793,0.977465,-0.000086,0.978949,0.204107,-0.998483,-0.011322,0.053882),fov=70.000000,dt=0.015431},
	{cf=CFrame.new(12.756920,3.062007,-0.492538,0.054875,-0.203798,0.977474,-0.000049,0.978948,0.204108,-0.998493,-0.011249,0.053710),fov=70.000000,dt=0.017516},
	{cf=CFrame.new(12.737720,3.049438,-0.504791,0.054826,-0.203801,0.977476,-0.000011,0.978948,0.204108,-0.998496,-0.011201,0.053670),fov=70.000000,dt=0.016320},
	{cf=CFrame.new(12.717239,3.040871,-0.513077,0.054825,-0.203802,0.977476,0.000004,0.978948,0.204109,-0.998496,-0.011187,0.053672),fov=70.000000,dt=0.018127},
	{cf=CFrame.new(12.698444,3.037381,-0.516708,0.054825,-0.203802,0.977476,0.000002,0.978948,0.204109,-0.998496,-0.011188,0.053671),fov=70.000000,dt=0.016107},
	{cf=CFrame.new(12.679823,3.038331,-0.516205,0.054825,-0.203802,0.977476,0.000000,0.978948,0.204109,-0.998496,-0.011190,0.053671),fov=70.000000,dt=0.016827},
	{cf=CFrame.new(12.661732,3.043821,-0.511414,0.054825,-0.203802,0.977476,-0.000000,0.978948,0.204109,-0.998496,-0.011191,0.053671),fov=70.000000,dt=0.016866},
	{cf=CFrame.new(12.644211,3.054011,-0.502197,0.054825,-0.203802,0.977476,-0.000000,0.978948,0.204109,-0.998496,-0.011190,0.053671),fov=70.000000,dt=0.018273},
	{cf=CFrame.new(12.628174,3.068322,-0.489151,0.054825,-0.203802,0.977476,-0.000000,0.978948,0.204109,-0.998496,-0.011190,0.053671),fov=70.000000,dt=0.016017},
	{cf=CFrame.new(12.614183,3.085711,-0.473282,0.054825,-0.203802,0.977476,0.000000,0.978948,0.204109,-0.998496,-0.011190,0.053671),fov=70.000000,dt=0.014270},
	{cf=CFrame.new(12.599327,3.110072,-0.451141,0.054825,-0.203802,0.977476,0.000000,0.978948,0.204109,-0.998496,-0.011190,0.053671),fov=70.000000,dt=0.016689},
	{cf=CFrame.new(12.585854,3.138579,-0.425400,0.054825,-0.203802,0.977476,0.000000,0.978948,0.204109,-0.998496,-0.011190,0.053671),fov=70.000000,dt=0.016323},
	{cf=CFrame.new(12.573044,3.173834,-0.393646,0.054825,-0.203802,0.977476,0.000000,0.978948,0.204109,-0.998496,-0.011190,0.053671),fov=70.000000,dt=0.017431},
	{cf=CFrame.new(12.561779,3.217350,-0.354492,0.054825,-0.203802,0.977476,0.000000,0.978948,0.204109,-0.998496,-0.011190,0.053671),fov=70.000000,dt=0.018292},
	{cf=CFrame.new(12.555695,3.265082,-0.311279,0.054825,-0.203802,0.977476,0.000000,0.978948,0.204109,-0.998496,-0.011190,0.053671),fov=70.000000,dt=0.016021},
	{cf=CFrame.new(12.560717,3.340693,-0.257767,0.054825,-0.203802,0.977476,-0.000000,0.978948,0.204109,-0.998496,-0.011190,0.053671),fov=70.000000,dt=0.016683},
	{cf=CFrame.new(0.587757,-0.006612,0.032211,0.978749,0.014640,0.204537,-0.010187,0.999688,-0.022808,-0.204807,0.020240,0.978593),fov=70.000000,dt=0.025168},
	{cf=CFrame.new(1.271057,-0.026448,0.127075,0.915849,0.034165,0.400066,-0.016811,0.998762,-0.046811,-0.401170,0.036146,0.915290),fov=70.000000,dt=0.019625},
	{cf=CFrame.new(1.571129,-0.038085,0.182541,0.879555,0.043102,0.473842,-0.018421,0.998227,-0.056607,-0.475441,0.041060,0.878789),fov=70.000000,dt=0.006823},
	{cf=CFrame.new(2.217136,-0.067706,0.323593,0.789191,0.062462,0.610963,-0.019825,0.996887,-0.076308,-0.613827,0.048109,0.787973),fov=70.000000,dt=0.013946},
	{cf=CFrame.new(2.924294,-0.105790,0.504730,0.677238,0.083218,0.731043,-0.018796,0.995216,-0.095878,-0.735524,0.051191,0.675562),fov=70.000000,dt=0.017077},
	{cf=CFrame.new(3.692593,-0.152338,0.725937,0.546743,0.104621,0.830739,-0.015356,0.993249,-0.114981,-0.837160,0.050108,0.544658),fov=70.000000,dt=0.016269},
	{cf=CFrame.new(3.876038,-0.177727,0.846222,0.546468,0.106030,0.830741,-0.017916,0.993206,-0.114981,-0.837288,0.047951,0.544655),fov=70.000000,dt=0.016477},
	{cf=CFrame.new(3.951824,-0.188217,0.895935,0.545430,0.101806,0.831950,-0.010101,0.993322,-0.114932,-0.838095,0.054284,0.542816),fov=70.000000,dt=0.016928},
	{cf=CFrame.new(4.027615,-0.198706,0.945618,0.544349,0.097593,0.833163,-0.002287,0.993378,-0.114866,-0.838856,0.060622,0.540967),fov=70.000000,dt=0.016422},
	{cf=CFrame.new(4.103401,-0.209196,0.995316,0.543224,0.093391,0.834378,0.005525,0.993375,-0.114784,-0.839570,0.066963,0.539109),fov=70.000000,dt=0.017629},
	{cf=CFrame.new(4.179192,-0.219686,1.044998,0.542055,0.089199,0.835595,0.013335,0.993312,-0.114686,-0.840237,0.073309,0.537241),fov=70.000000,dt=0.016638},
	{cf=CFrame.new(4.254978,-0.230175,1.094696,0.540844,0.085019,0.836815,0.021142,0.993190,-0.114571,-0.840858,0.079657,0.535363),fov=70.000000,dt=0.015548},
	{cf=CFrame.new(4.330769,-0.240665,1.144394,0.539589,0.080852,0.838038,0.028946,0.993008,-0.114440,-0.841431,0.086008,0.533476),fov=70.000000,dt=0.016996},
	{cf=CFrame.new(4.406555,-0.251154,1.194077,0.538291,0.076696,0.839262,0.036746,0.992767,-0.114293,-0.841958,0.092362,0.531579),fov=70.000000,dt=0.018879},
	{cf=CFrame.new(4.482346,-0.261644,1.243774,0.536950,0.072553,0.840488,0.044542,0.992467,-0.114128,-0.842437,0.098719,0.529674),fov=70.000000,dt=0.014072},
	{cf=CFrame.new(4.558132,-0.272134,1.293472,0.535567,0.068423,0.841716,0.052334,0.992107,-0.113947,-0.842870,0.105077,0.527759),fov=70.000000,dt=0.017209},
	{cf=CFrame.new(4.582569,-0.274901,1.303696,0.533038,0.070652,0.843136,0.048600,0.992306,-0.113876,-0.844694,0.101677,0.525503),fov=70.000000,dt=0.016213},
	{cf=CFrame.new(4.607006,-0.277668,1.313904,0.530495,0.072869,0.844550,0.044866,0.992488,-0.113816,-0.846500,0.098271,0.523241),fov=70.000000,dt=0.016123},
	{cf=CFrame.new(4.631443,-0.280436,1.324127,0.527937,0.075076,0.845959,0.041135,0.992656,-0.113766,-0.848287,0.094859,0.520971),fov=70.000000,dt=0.018328},
	{cf=CFrame.new(4.655872,-0.283203,1.334351,0.525364,0.077272,0.847362,0.037404,0.992808,-0.113726,-0.850055,0.091442,0.518695),fov=70.000000,dt=0.015935},
	{cf=CFrame.new(4.680309,-0.285970,1.344559,0.522775,0.079457,0.848759,0.033675,0.992945,-0.113696,-0.851805,0.088020,0.516411),fov=70.000000,dt=0.017361},
	{cf=CFrame.new(4.704746,-0.288738,1.354782,0.520173,0.081630,0.850151,0.029948,0.993066,-0.113677,-0.853536,0.084592,0.514121),fov=70.000000,dt=0.016201},
	{cf=CFrame.new(4.721367,-0.289723,1.347992,0.513596,0.080645,0.854234,0.030239,0.993254,-0.111951,-0.857499,0.083329,0.507692),fov=70.000000,dt=0.016926},
	{cf=CFrame.new(4.737991,-0.290709,1.341187,0.506988,0.079653,0.858265,0.030518,0.993438,-0.110225,-0.861413,0.082075,0.501230),fov=70.000000,dt=0.015669},
	{cf=CFrame.new(4.754612,-0.291695,1.334381,0.500349,0.078653,0.862244,0.030784,0.993620,-0.108500,-0.865276,0.080831,0.494735),fov=70.000000,dt=0.016893},
	{cf=CFrame.new(4.771233,-0.292681,1.327591,0.493680,0.077646,0.866171,0.031037,0.993799,-0.106777,-0.869090,0.079597,0.488209),fov=70.000000,dt=0.019557},
	{cf=CFrame.new(4.787857,-0.293666,1.320786,0.486981,0.076632,0.870044,0.031277,0.993975,-0.105054,-0.872852,0.078372,0.481650),fov=70.000000,dt=0.013480},
	{cf=CFrame.new(4.804478,-0.294652,1.313995,0.480253,0.075611,0.873865,0.031505,0.994148,-0.103332,-0.876564,0.077156,0.475060),fov=70.000000,dt=0.016510},
	{cf=CFrame.new(4.813290,-0.293856,1.290161,0.469387,0.071460,0.880096,0.035677,0.994371,-0.099766,-0.882272,0.078228,0.464195),fov=70.000000,dt=0.016887},
	{cf=CFrame.new(4.822098,-0.293060,1.266357,0.458427,0.067333,0.886178,0.039798,0.994570,-0.096157,-0.887841,0.079349,0.453258),fov=70.000000,dt=0.016605},
	{cf=CFrame.new(4.830910,-0.292264,1.242554,0.447374,0.063232,0.892109,0.043867,0.994745,-0.092506,-0.893270,0.080518,0.442250),fov=70.000000,dt=0.016458},
	{cf=CFrame.new(4.811394,-0.289041,1.204865,0.426511,0.059529,0.902521,0.049006,0.994845,-0.088778,-0.903153,0.082094,0.421396),fov=70.000000,dt=0.016699},
  	{cf=CFrame.new(4.791882,-0.285817,1.167191,0.405395,0.055888,0.912432,0.054044,0.994918,-0.084953,-0.912543,0.083751,0.400314),fov=70.000000,dt=0.016235},
	{cf=CFrame.new(4.772369,-0.282594,1.129517,0.384036,0.052312,0.921835,0.058977,0.994965,-0.081032,-0.921433,0.085486,0.379017),fov=70.000000,dt=0.016831},
	{cf=CFrame.new(4.712273,-0.276968,1.083542,0.349319,0.050384,0.935648,0.063905,0.994947,-0.077435,-0.934822,0.086842,0.344334),fov=70.000000,dt=0.017853},
	{cf=CFrame.new(4.652176,-0.271342,1.037598,0.314103,0.048545,0.948147,0.068682,0.994913,-0.073692,-0.946901,0.088267,0.309171),fov=70.000000,dt=0.017069},
	{cf=CFrame.new(4.592083,-0.265716,0.991638,0.278438,0.046798,0.959313,0.073303,0.994864,-0.069808,-0.957653,0.089758,0.273577),fov=70.000000,dt=0.015782},
	{cf=CFrame.new(4.531982,-0.260090,0.945694,0.242374,0.045146,0.969132,0.077765,0.994799,-0.065790,-0.967061,0.091310,0.237603),fov=70.000000,dt=0.015922},
	{cf=CFrame.new(4.471886,-0.254464,0.899719,0.205964,0.043590,0.977588,0.082063,0.994719,-0.061644,-0.975112,0.092920,0.201300),fov=70.000000,dt=0.017230},
	{cf=CFrame.new(4.411793,-0.248838,0.853775,0.169259,0.042133,0.984671,0.086192,0.994625,-0.057375,-0.981795,0.094582,0.164717),fov=70.000000,dt=0.016381},
	{cf=CFrame.new(4.311108,-0.240809,0.799545,0.118383,0.042307,0.992066,0.090103,0.994513,-0.053163,-0.988872,0.095682,0.113922),fov=70.000000,dt=0.017606},
	{cf=CFrame.new(4.210430,-0.232781,0.745300,0.067197,0.042582,0.996831,0.093795,0.994395,-0.048801,-0.993321,0.096777,0.062826),fov=70.000000,dt=0.016817},
	{cf=CFrame.new(4.109749,-0.224753,0.691086,0.015836,0.042959,0.998951,0.097261,0.994272,-0.044299,-0.995133,0.097861,0.011567),fov=70.000000,dt=0.016964},
	{cf=CFrame.new(4.009068,-0.216724,0.636856,-0.035565,0.043436,0.998423,0.100497,0.994146,-0.039670,-0.994301,0.098928,-0.039722),fov=70.000000,dt=0.014811},
	{cf=CFrame.new(3.763863,-0.190420,0.565094,-0.126595,0.048056,0.990790,0.096581,0.994677,-0.035904,-0.987241,0.091147,-0.130562),fov=70.000000,dt=0.018214},
	{cf=CFrame.new(3.518654,-0.164117,0.493332,-0.216589,0.052006,0.974877,0.092595,0.995173,-0.032517,-0.971862,0.083226,-0.220359),fov=70.000000,dt=0.016310},
	{cf=CFrame.new(3.273449,-0.137813,0.421585,-0.304791,0.055286,0.950813,0.088569,0.995633,-0.029501,-0.948292,0.075221,-0.308357),fov=70.000000,dt=0.017681},
	{cf=CFrame.new(3.028240,-0.111509,0.349823,-0.390464,0.057904,0.918796,0.084538,0.996059,-0.026847,-0.916729,0.067190,-0.393820),fov=70.000000,dt=0.016362},
	{cf=CFrame.new(2.783035,-0.085205,0.278061,-0.472886,0.059869,0.879087,0.080529,0.996450,-0.024543,-0.877436,0.059186,-0.476029),fov=70.000000,dt=0.016823},
	{cf=CFrame.new(2.537830,-0.058901,0.206329,-0.551368,0.061196,0.832014,0.076572,0.996809,-0.022573,-0.830740,0.051263,-0.554295),fov=70.000000,dt=0.016680},
	{cf=CFrame.new(2.331707,-0.012747,0.084274,-0.609321,0.057954,0.790803,0.064449,0.997645,-0.023454,-0.790300,0.036675,-0.611621),fov=70.000000,dt=0.016121},
	{cf=CFrame.new(2.125587,0.033408,-0.037750,-0.664234,0.053869,0.745582,0.052803,0.998290,-0.025085,-0.745658,0.022707,-0.665942),fov=70.000000,dt=0.016282},
	{cf=CFrame.new(1.919460,0.079562,-0.159790,-0.715814,0.048997,0.696570,0.041684,0.998755,-0.027417,-0.697046,0.009410,-0.716965),fov=70.000000,dt=0.019110},
	{cf=CFrame.new(1.713341,0.125716,-0.281830,-0.763786,0.043398,0.644009,0.031134,0.999053,-0.030399,-0.644718,-0.003168,-0.764414),fov=70.000000,dt=0.013961},
	{cf=CFrame.new(1.621830,0.162333,-0.373123,-0.781377,0.036101,0.623014,0.019508,0.999250,-0.033436,-0.623754,-0.013972,-0.781496),fov=70.000000,dt=0.016500},
	{cf=CFrame.new(1.530327,0.198951,-0.464401,-0.798348,0.028604,0.601516,0.008120,0.999292,-0.036743,-0.602141,-0.024450,-0.798015),fov=70.000000,dt=0.018114},
	{cf=CFrame.new(1.438816,0.235568,-0.555679,-0.814683,0.020917,0.579529,-0.003023,0.999183,-0.040312,-0.579898,-0.034594,-0.813954),fov=70.000000,dt=0.016253},
	{cf=CFrame.new(1.347313,0.272185,-0.646957,-0.830363,0.013049,0.557069,-0.013911,0.998928,-0.044136,-0.557048,-0.044399,-0.829292),fov=70.000000,dt=0.016466},
	{cf=CFrame.new(1.255802,0.308802,-0.738235,-0.845373,0.005013,0.534152,-0.024537,0.998536,-0.048206,-0.533612,-0.053859,-0.844013),fov=70.000000,dt=0.016293},
	{cf=CFrame.new(1.164295,0.345418,-0.829544,-0.859696,-0.003180,0.510796,-0.034893,0.998011,-0.052514,-0.509613,-0.062969,-0.858096),fov=70.000000,dt=0.017284},
	{cf=CFrame.new(1.148315,0.352649,-0.839783,-0.861948,-0.007680,0.506938,-0.039833,0.997821,-0.052612,-0.505429,-0.065541,-0.860376),fov=70.000000,dt=0.015441},
	{cf=CFrame.new(1.132332,0.359878,-0.850037,-0.864168,-0.012181,0.503056,-0.044759,0.997605,-0.052732,-0.501209,-0.068086,-0.862643),fov=70.000000,dt=0.017864},
	{cf=CFrame.new(1.116356,0.367107,-0.860291,-0.866354,-0.016684,0.499151,-0.049671,0.997365,-0.052875,-0.496954,-0.070602,-0.864900),fov=70.000000,dt=0.015732},
	{cf=CFrame.new(1.087200,0.365699,-0.873291,-0.877801,-0.013174,0.478843,-0.044459,0.997548,-0.054056,-0.476957,-0.068740,-0.876234),fov=70.000000,dt=0.017603},
	{cf=CFrame.new(1.058048,0.364290,-0.886307,-0.888763,-0.009673,0.458265,-0.039275,0.997707,-0.055111,-0.456681,-0.066979,-0.887106),fov=70.000000,dt=0.016649},
	{cf=CFrame.new(1.028896,0.362882,-0.899323,-0.899233,-0.006182,0.437426,-0.034121,0.997845,-0.056042,-0.436136,-0.065320,-0.897507),fov=70.000000,dt=0.016711},
	{cf=CFrame.new(0.999744,0.361473,-0.912338,-0.909205,-0.002705,0.416339,-0.029001,0.997962,-0.056849,-0.415336,-0.063761,-0.907431),fov=70.000000,dt=0.017668},
	{cf=CFrame.new(0.926155,0.363235,-0.885574,-0.928276,-0.009002,0.371783,-0.030534,0.998176,-0.052070,-0.370636,-0.059688,-0.926858),fov=70.000000,dt=0.016634},
	{cf=CFrame.new(0.852566,0.364996,-0.858795,-0.945149,-0.014977,0.326296,-0.032224,0.998351,-0.047516,-0.325046,-0.055424,-0.944072),fov=70.000000,dt=0.016726},
	{cf=CFrame.new(0.778976,0.366757,-0.832031,-0.959780,-0.020624,0.279994,-0.034055,0.998486,-0.043189,-0.278680,-0.050987,-0.959030),fov=70.000000,dt=0.015676},
	{cf=CFrame.new(0.767471,0.367638,-0.852707,-0.966662,-0.018016,0.255423,-0.028250,0.998936,-0.036454,-0.254494,-0.042454,-0.966142),fov=70.000000,dt=0.016573},
	{cf=CFrame.new(0.755966,0.368518,-0.873383,-0.972915,-0.015240,0.230659,-0.022688,0.999302,-0.029674,-0.230046,-0.034104,-0.972582),fov=70.000000,dt=0.017128},
	{cf=CFrame.new(0.744465,0.369399,-0.894043,-0.978534,-0.012301,0.205720,-0.017371,0.999588,-0.022859,-0.205354,-0.025942,-0.978344),fov=70.000000,dt=0.016005},
	{cf=CFrame.new(0.732964,0.370280,-0.914719,-0.983509,-0.009206,0.180623,-0.012299,0.999796,-0.016013,-0.180439,-0.017971,-0.983422),fov=70.000000,dt=0.017781},
	{cf=CFrame.new(0.721458,0.371161,-0.935379,-0.987836,-0.005961,0.155387,-0.007472,0.999930,-0.009146,-0.155322,-0.010196,-0.987811),fov=70.000000,dt=0.015834},
	{cf=CFrame.new(0.709953,0.372041,-0.956055,-0.991507,-0.002571,0.130029,-0.002890,0.999993,-0.002263,-0.130022,-0.002620,-0.991508),fov=70.000000,dt=0.016535},
	{cf=CFrame.new(0.760536,0.372041,-1.024155,-0.991794,0.054467,0.115666,0.052811,0.998454,-0.017342,-0.116432,-0.011091,-0.993137),fov=70.000000,dt=0.016441},
	{cf=CFrame.new(0.811119,0.372041,-1.092255,-0.989008,0.110659,0.098073,0.108073,0.993649,-0.031325,-0.100917,-0.020381,-0.994686),fov=70.000000,dt=0.016572},
	{cf=CFrame.new(0.836411,0.372041,-1.156433,-0.983403,0.013095,0.180960,0.008646,0.999641,-0.025354,-0.181227,-0.023369,-0.983164),fov=70.000000,dt=0.016612},
	{cf=CFrame.new(0.861702,0.372041,-1.220627,-0.962921,-0.088744,0.254770,-0.094595,0.995458,-0.010779,-0.252657,-0.034480,-0.966941),fov=70.000000,dt=0.016660},
	{cf=CFrame.new(0.886997,0.372041,-1.284805,-0.972816,-0.056151,0.224671,-0.057634,0.998338,-0.000043,-0.224295,-0.012990,-0.974435),fov=70.000000,dt=0.016941},
	{cf=CFrame.new(0.912289,0.372041,-1.348999,-0.980773,-0.023423,0.193742,-0.021584,0.999700,0.011597,-0.193955,0.007192,-0.980984),fov=70.000000,dt=0.016253},
	{cf=CFrame.new(0.937576,0.372041,-1.413177,-0.986740,0.009352,0.162041,0.013436,0.999619,0.024127,-0.161754,0.025985,-0.986489),fov=70.000000,dt=0.018740},
	{cf=CFrame.new(0.962864,0.372041,-1.477356,-0.990669,0.042086,0.129627,0.047316,0.998175,0.037532,-0.127810,0.043315,-0.990852),fov=70.000000,dt=0.015264},
	{cf=CFrame.new(0.962864,0.372041,-1.537628,-0.986146,0.037966,0.161477,0.043997,0.998455,0.033936,-0.159939,0.040570,-0.986293),fov=70.000000,dt=0.016901},
	{cf=CFrame.new(0.962864,0.372041,-1.597900,-0.980581,0.033870,0.193165,0.040484,0.998718,0.030396,-0.191888,0.037626,-0.980695),fov=70.000000,dt=0.015488},
	{cf=CFrame.new(0.962864,0.372041,-1.658157,-0.973982,0.029808,0.224655,0.036781,0.998960,0.026919,-0.223619,0.034481,-0.974066),fov=70.000000,dt=0.016361},
	{cf=CFrame.new(0.962868,0.372041,-1.718430,-0.976246,0.025749,0.215132,0.031901,0.999174,0.025172,-0.214306,0.031437,-0.976261),fov=70.000000,dt=0.017335},
	{cf=CFrame.new(0.962868,0.372041,-1.778702,-0.978401,0.021684,0.205576,0.027063,0.999360,0.023388,-0.204938,0.028447,-0.978361),fov=70.000000,dt=0.016054},
	{cf=CFrame.new(0.962868,0.372041,-1.838959,-0.980447,0.017613,0.195994,0.022268,0.999519,0.021569,-0.195520,0.025511,-0.980368),fov=70.000000,dt=0.016643},
	{cf=CFrame.new(0.962868,0.375476,-1.889603,-0.982026,0.015211,0.188129,0.019425,0.999599,0.020576,-0.187741,0.023861,-0.981929),fov=70.000000,dt=0.017075},
	{cf=CFrame.new(0.962868,0.378912,-1.940247,-0.983537,0.012807,0.180251,0.016603,0.999671,0.019566,-0.179941,0.022236,-0.983426),fov=70.000000,dt=0.016887},
	{cf=CFrame.new(0.962868,0.382348,-1.990875,-0.984980,0.010402,0.172357,0.013801,0.999733,0.018538,-0.172118,0.020639,-0.984860),fov=70.000000,dt=0.017662},
	{cf=CFrame.new(0.962872,0.385784,-2.041534,-0.986353,0.007995,0.164449,0.011021,0.999786,0.017493,-0.164274,0.019067,-0.986230),fov=70.000000,dt=0.015990},
	{cf=CFrame.new(0.962872,0.389219,-2.092163,-0.987658,0.005588,0.156528,0.008261,0.999831,0.016431,-0.156410,0.017522,-0.987537),fov=70.000000,dt=0.016299},
	{cf=CFrame.new(0.962872,0.392655,-2.142792,-0.988893,0.003181,0.148595,0.005523,0.999867,0.015353,-0.148526,0.016003,-0.988779),fov=70.000000,dt=0.016782},
	{cf=CFrame.new(0.962872,0.399527,-2.183823,-0.989466,0.002401,0.144744,0.004673,0.999871,0.015359,-0.144689,0.015873,-0.989350),fov=70.000000,dt=0.015727},
	{cf=CFrame.new(0.962875,0.406398,-2.224838,-0.990024,0.001623,0.140891,0.003825,0.999874,0.015361,-0.140849,0.015747,-0.989906),fov=70.000000,dt=0.017276},
	{cf=CFrame.new(0.962875,0.413270,-2.265839,-0.990566,0.000847,0.137036,0.002980,0.999878,0.015361,-0.137006,0.015624,-0.990447),fov=70.000000,dt=0.017198},
	{cf=CFrame.new(0.962875,0.416706,-2.294174,-0.990847,0.002114,0.134975,0.004340,0.999859,0.016194,-0.134921,0.016632,-0.990717),fov=70.000000,dt=0.016048},
	{cf=CFrame.new(0.962875,0.420141,-2.322510,-0.991122,0.003383,0.132911,0.005696,0.999839,0.017030,-0.132832,0.017636,-0.990982),fov=70.000000,dt=0.017666},
	{cf=CFrame.new(0.962875,0.423577,-2.350830,-0.991392,0.004652,0.130847,0.007049,0.999816,0.017867,-0.130739,0.018635,-0.991242),fov=70.000000,dt=0.016217},
	{cf=CFrame.new(0.962879,0.427013,-2.379166,-0.991655,0.005921,0.128781,0.008399,0.999790,0.018706,-0.128643,0.019631,-0.991497),fov=70.000000,dt=0.017244},
	{cf=CFrame.new(0.962879,0.430449,-2.407486,-0.991913,0.007191,0.126714,0.009745,0.999762,0.019546,-0.126544,0.020623,-0.991747),fov=70.000000,dt=0.015927},
	{cf=CFrame.new(0.962875,0.433885,-2.435806,-0.992165,0.008461,0.124646,0.011087,0.999731,0.020389,-0.124440,0.021611,-0.991992),fov=70.000000,dt=0.016927},
	{cf=CFrame.new(0.962879,0.433885,-2.451462,-0.992163,0.011780,0.124396,0.014637,0.999649,0.022074,-0.124092,0.023722,-0.991987),fov=70.000000,dt=0.016463},
	{cf=CFrame.new(0.962875,0.433885,-2.467102,-0.992150,0.015100,0.124141,0.018185,0.999552,0.023760,-0.123727,0.025831,-0.991980),fov=70.000000,dt=0.016867},
	{cf=CFrame.new(0.962879,0.433885,-2.482742,-0.992126,0.018419,0.123880,0.021732,0.999440,0.025447,-0.123342,0.027938,-0.991971),fov=70.000000,dt=0.017225},
	{cf=CFrame.new(1.014153,0.463728,-2.586990,-0.991401,0.018935,0.129481,0.022620,0.999378,0.027048,-0.128889,0.029744,-0.991213),fov=70.000000,dt=0.016573},
	{cf=CFrame.new(1.065422,0.493574,-2.691254,-0.990644,0.019443,0.135078,0.023520,0.999313,0.028649,-0.134428,0.031558,-0.990421),fov=70.000000,dt=0.017769},
	{cf=CFrame.new(1.116695,0.523419,-2.795502,-0.989856,0.019943,0.140669,0.024431,0.999244,0.030251,-0.139959,0.033381,-0.989594),fov=70.000000,dt=0.016922},
	{cf=CFrame.new(1.167969,0.553264,-2.899765,-0.989036,0.020434,0.146254,0.025354,0.999171,0.031853,-0.145482,0.035212,-0.988734),fov=70.000000,dt=0.014574},
	{cf=CFrame.new(1.219242,0.583109,-3.003998,-0.988185,0.020918,0.151834,0.026289,0.999095,0.033455,-0.150997,0.037052,-0.987840),fov=70.000000,dt=0.017078},
	{cf=CFrame.new(1.270519,0.612955,-3.108261,-0.987302,0.021392,0.157407,0.027235,0.999014,0.035058,-0.156501,0.038900,-0.986911),fov=70.000000,dt=0.016545},
	{cf=CFrame.new(1.373062,0.672643,-3.301117,-0.985470,0.019042,0.168780,0.025573,0.999003,0.036601,-0.167914,0.040385,-0.984974),fov=70.000000,dt=0.016613},
	{cf=CFrame.new(1.475605,0.732334,-3.493988,-0.983503,0.016661,0.180123,0.023915,0.998985,0.038174,-0.179304,0.041852,-0.982903),fov=70.000000,dt=0.016242},
	{cf=CFrame.new(1.578152,0.792024,-3.686859,-0.981402,0.014248,0.191435,0.022263,0.998961,0.039779,-0.190670,0.043301,-0.980699),fov=70.000000,dt=0.018203},
	{cf=CFrame.new(1.783237,0.911401,-4.056931,-0.976765,0.006231,0.214225,0.015471,0.999019,0.041484,-0.213756,0.043834,-0.975903),fov=70.000000,dt=0.015579},
	{cf=CFrame.new(1.988327,1.030783,-4.427017,-0.971545,-0.001899,0.236846,0.008621,0.999021,0.043375,-0.236697,0.044182,-0.970578),fov=70.000000,dt=0.016655},
	{cf=CFrame.new(2.118900,1.090182,-4.613937,-0.967158,-0.005429,0.254117,0.006042,0.998998,0.044340,-0.254103,0.044420,-0.966157),fov=70.000000,dt=0.017486},
	{cf=CFrame.new(2.249462,1.149577,-4.800842,-0.962454,-0.008994,0.271296,0.003451,0.998965,0.045363,-0.271423,0.044596,-0.961426),fov=70.000000,dt=0.016427},
	{cf=CFrame.new(2.380024,1.208971,-4.987747,-0.957434,-0.012594,0.288379,0.000849,0.998921,0.046443,-0.288652,0.044711,-0.956389),fov=70.000000,dt=0.016495},
	{cf=CFrame.new(2.492069,1.238253,-5.074112,-0.950450,-0.013870,0.310566,0.000765,0.998897,0.046952,-0.310875,0.044863,-0.949391),fov=70.000000,dt=0.016924},
	{cf=CFrame.new(2.604111,1.267533,-5.160477,-0.942951,-0.015160,0.332587,0.000684,0.998872,0.047471,-0.332931,0.044990,-0.941877),fov=70.000000,dt=0.016345},
	{cf=CFrame.new(2.716152,1.296813,-5.246841,-0.934939,-0.016463,0.354426,0.000608,0.998847,0.047999,-0.354808,0.045092,-0.933851),fov=70.000000,dt=0.017277},
	{cf=CFrame.new(2.828194,1.326092,-5.333206,-0.926419,-0.017778,0.376073,0.000536,0.998821,0.048537,-0.376492,0.045167,-0.925318),fov=70.000000,dt=0.015751},
	{cf=CFrame.new(2.940235,1.355371,-5.419571,-0.917397,-0.019104,0.397515,0.000470,0.998794,0.049085,-0.397974,0.045217,-0.916282),fov=70.000000,dt=0.017385},
	{cf=CFrame.new(3.052277,1.384651,-5.505936,-0.907876,-0.020442,0.418740,0.000408,0.998766,0.049642,-0.419239,0.045240,-0.906748),fov=70.000000,dt=0.016592},
	{cf=CFrame.new(3.145798,1.383819,-5.491791,-0.895495,-0.019513,0.444644,0.002772,0.998775,0.049413,-0.445064,0.045482,-0.894343),fov=70.000000,dt=0.015700},
	{cf=CFrame.new(3.239311,1.382984,-5.477615,-0.882374,-0.018569,0.470182,0.005153,0.998780,0.049114,-0.470520,0.045760,-0.881202),fov=70.000000,dt=0.017160},
	{cf=CFrame.new(3.468418,1.379915,-5.352158,-0.851975,-0.040543,0.522011,-0.017410,0.998640,0.049145,-0.523294,0.032782,-0.851522),fov=70.000000,dt=0.017320},
	{cf=CFrame.new(3.697536,1.376846,-5.226685,-0.818141,-0.062291,0.571634,-0.040652,0.997893,0.050558,-0.573579,0.018126,-0.818950),fov=70.000000,dt=0.016906},
	{cf=CFrame.new(3.926651,1.373777,-5.101212,-0.780733,0.043961,0.623316,0.099466,0.993547,0.054513,-0.616898,0.104559,-0.780067),fov=70.000000,dt=0.015406},
	{cf=CFrame.new(4.155773,1.370709,-4.975739,-0.732154,0.147251,0.665031,0.240973,0.969207,0.050693,-0.637089,0.197370,-0.745093),fov=70.000000,dt=0.018513},
	{cf=CFrame.new(4.384884,1.367640,-4.850266,-0.699428,0.088196,0.709241,0.169153,0.984591,0.044375,-0.694398,0.151007,-0.703568),fov=70.000000,dt=0.015767},
	{cf=CFrame.new(4.613998,1.364571,-4.724792,-0.661805,0.030379,0.749060,0.094101,0.994642,0.042801,-0.743747,0.098813,-0.661118),fov=70.000000,dt=0.015841},
	{cf=CFrame.new(4.978699,1.359268,-4.488022,-0.591999,0.006453,0.805913,0.063699,0.997214,0.038808,-0.803417,0.074310,-0.590761),fov=70.000000,dt=0.018043},
	{cf=CFrame.new(5.343414,1.353966,-4.251251,-0.516966,-0.015822,0.855859,0.031841,0.998782,0.037697,-0.855413,0.046739,-0.515833),fov=70.000000,dt=0.015905},
	{cf=CFrame.new(5.406044,1.350111,-4.147675,-0.493845,-0.025332,0.869181,0.034218,0.998235,0.048535,-0.868877,0.053710,-0.492106),fov=70.000000,dt=0.017737},
	{cf=CFrame.new(5.468647,1.346256,-4.044113,-0.470445,-0.035113,0.881730,0.036909,0.997551,0.059418,-0.881657,0.060497,-0.467996),fov=70.000000,dt=0.015185},
	{cf=CFrame.new(5.531250,1.342401,-3.940521,-0.446785,-0.045160,0.893501,0.039913,0.996724,0.070335,-0.893751,0.067087,-0.443519),fov=70.000000,dt=0.016731},
	{cf=CFrame.new(5.593853,1.338546,-3.836960,-0.422888,-0.055468,0.904482,0.043230,0.995753,0.081277,-0.905150,0.073472,-0.418695),fov=70.000000,dt=0.017250},
	{cf=CFrame.new(5.656456,1.334692,-3.733398,-0.398779,-0.066029,0.914667,0.046863,0.994634,0.092233,-0.915849,0.079644,-0.393545),fov=70.000000,dt=0.017714},
	{cf=CFrame.new(5.719059,1.330837,-3.629822,-0.374482,-0.076836,0.924045,0.050810,0.993363,0.103192,-0.925841,0.085594,-0.368092),fov=70.000000,dt=0.016581},
	{cf=CFrame.new(5.781662,1.326982,-3.526260,-0.350020,-0.087883,0.932610,0.055073,0.991937,0.114144,-0.935122,0.091315,-0.342358),fov=70.000000,dt=0.015604},
	{cf=CFrame.new(5.844265,1.323127,-3.422699,-0.325419,-0.099163,0.940356,0.059652,0.990352,0.125078,-0.943686,0.096797,-0.316364),fov=70.000000,dt=0.016846},
	{cf=CFrame.new(5.892429,1.273972,-3.267654,-0.301652,-0.097836,0.948385,0.068944,0.989879,0.124046,-0.950922,0.102804,-0.291854),fov=70.000000,dt=0.015762},
	{cf=CFrame.new(5.940598,1.224812,-3.112595,-0.277704,-0.096646,0.955793,0.078273,0.989342,0.122781,-0.957472,0.108910,-0.267180),fov=70.000000,dt=0.017331},
	{cf=CFrame.new(5.988766,1.175652,-2.957550,-0.253592,-0.095598,0.962576,0.087632,0.988742,0.121283,-0.963334,0.115109,-0.242359),fov=70.000000,dt=0.016651},
	{cf=CFrame.new(6.036926,1.126492,-2.802505,-0.229332,-0.094694,0.968731,0.097016,0.988076,0.119552,-0.968501,0.121399,-0.217411),fov=70.000000,dt=0.017466},
	{cf=CFrame.new(6.085094,1.077332,-2.647430,-0.204942,-0.093937,0.974256,0.106417,0.987345,0.117584,-0.972972,0.127775,-0.192352),fov=70.000000,dt=0.016031},
	{cf=CFrame.new(6.133293,1.028172,-2.492401,-0.172579,-0.103598,0.979532,0.048850,0.992330,0.113558,-0.983783,0.067447,-0.166195),fov=70.000000,dt=0.016553},
	{cf=CFrame.new(6.181492,0.979011,-2.337357,-0.140660,-0.111369,0.983774,-0.009613,0.993760,0.111125,-0.990011,0.006174,-0.140853),fov=70.000000,dt=0.017160},
	{cf=CFrame.new(6.229691,0.929851,-2.182327,-0.109339,-0.117294,0.987060,-0.068680,0.991532,0.110218,-0.991629,-0.055740,-0.116469),fov=70.000000,dt=0.015976},
	{cf=CFrame.new(6.249233,0.909841,-2.035461,-0.088452,-0.111243,0.989849,-0.030730,0.993576,0.108916,-0.995606,-0.020784,-0.091303),fov=70.000000,dt=0.015741},
	{cf=CFrame.new(6.268772,0.889833,-1.888580,-0.067725,-0.105921,0.992065,0.007457,0.994267,0.106665,-0.997676,0.014622,-0.066547),fov=70.000000,dt=0.017396},
	{cf=CFrame.new(6.288315,0.869826,-1.741714,-0.047199,-0.101324,0.993733,0.045798,0.993576,0.103483,-0.997835,0.050395,-0.042255),fov=70.000000,dt=0.019301},
	{cf=CFrame.new(6.307850,0.849819,-1.594833,-0.026915,-0.097448,0.994877,0.084218,0.991478,0.099394,-0.996084,0.086461,-0.018479),fov=70.000000,dt=0.014261},
	{cf=CFrame.new(6.248535,0.832829,-1.515244,-0.010776,-0.096038,0.995319,0.076487,0.992382,0.096582,-0.997012,0.077169,-0.003348),fov=70.000000,dt=0.016195},
	{cf=CFrame.new(6.189209,0.815839,-1.435684,0.005335,-0.094471,0.995513,0.068665,0.993213,0.093884,-0.997626,0.067856,0.011785),fov=70.000000,dt=0.017865},
	{cf=CFrame.new(6.129883,0.798850,-1.356110,0.021413,-0.092747,0.995459,0.060759,0.993968,0.091301,-0.997923,0.058528,0.026919),fov=70.000000,dt=0.017416},
	{cf=CFrame.new(6.070560,0.781860,-1.276535,0.033937,-0.093052,0.995083,0.095241,0.991426,0.089462,-0.994875,0.091736,0.042509),fov=70.000000,dt=0.016287},
	{cf=CFrame.new(6.011234,0.764871,-1.196960,0.046104,-0.093773,0.994526,0.129705,0.987718,0.087118,-0.990480,0.124978,0.057700),fov=70.000000,dt=0.016351},
	{cf=CFrame.new(5.951912,0.747882,-1.117386,0.057893,-0.094893,0.993803,0.164098,0.982836,0.084286,-0.984744,0.158202,0.072471),fov=70.000000,dt=0.015022},
	{cf=CFrame.new(5.813705,0.733910,-1.105087,0.066985,-0.090299,0.993659,0.135823,0.987451,0.080579,-0.988466,0.129564,0.078409),fov=70.000000,dt=0.017824},
	{cf=CFrame.new(5.675495,0.719938,-1.092804,0.075715,-0.085429,0.993463,0.107332,0.991233,0.077057,-0.991336,0.100796,0.084221),fov=70.000000,dt=0.015727},
	{cf=CFrame.new(5.537281,0.705967,-1.080521,0.084076,-0.080297,0.993219,0.078660,0.994172,0.073715,-0.993350,0.071929,0.089902),fov=70.000000,dt=0.016566},
	{cf=CFrame.new(5.399067,0.691996,-1.068237,0.092057,-0.074916,0.992932,0.049837,0.996263,0.070547,-0.994506,0.042990,0.095447),fov=70.000000,dt=0.016845},
	{cf=CFrame.new(5.260853,0.678024,-1.055954,0.099651,-0.069301,0.992606,0.020889,0.997497,0.067545,-0.994803,0.014004,0.100850),fov=70.000000,dt=0.017975},
	{cf=CFrame.new(5.119358,0.667869,-1.032791,0.088818,-0.069298,0.993634,0.020144,0.997498,0.067767,-0.995844,0.013997,0.089992),fov=70.000000,dt=0.017722},
	{cf=CFrame.new(4.977859,0.657713,-1.009628,0.077972,-0.069296,0.994544,0.019402,0.997498,0.067981,-0.996767,0.013995,0.079121),fov=70.000000,dt=0.016011},
	{cf=CFrame.new(4.836365,0.647558,-0.986465,0.067116,-0.069296,0.995336,0.018658,0.997498,0.068188,-0.997571,0.013995,0.068241),fov=70.000000,dt=0.016467},
	{cf=CFrame.new(4.694862,0.637403,-0.963303,0.056252,-0.069296,0.996009,0.017914,0.997498,0.068388,-0.998256,0.013995,0.057353),fov=70.000000,dt=0.014964},
	{cf=CFrame.new(4.553368,0.627247,-0.940140,0.045382,-0.069298,0.996563,0.017168,0.997498,0.068581,-0.998822,0.013997,0.046458),fov=70.000000,dt=0.017959},
	{cf=CFrame.new(4.411873,0.617092,-0.916992,0.034506,-0.069300,0.996999,0.016422,0.997498,0.068766,-0.999269,0.014000,0.035558),fov=70.000000,dt=0.016764},
	{cf=CFrame.new(4.340733,0.611598,-0.902298,0.038023,-0.068209,0.996946,0.012371,0.997623,0.067784,-0.999200,0.009756,0.038776),fov=70.000000,dt=0.017553},
	{cf=CFrame.new(4.269600,0.606104,-0.887619,0.041531,-0.067103,0.996881,0.008312,0.997731,0.066814,-0.999103,0.005511,0.041994),fov=70.000000,dt=0.013963},
	{cf=CFrame.new(4.198467,0.600611,-0.872940,0.045029,-0.065981,0.996804,0.004245,0.997820,0.065856,-0.998977,0.001266,0.045211),fov=70.000000,dt=0.015949},
	{cf=CFrame.new(4.127335,0.595117,-0.858261,0.048518,-0.064843,0.996715,0.000171,0.997891,0.064911,-0.998822,-0.002979,0.048427),fov=70.000000,dt=0.016720},
	{cf=CFrame.new(4.056198,0.589623,-0.843582,0.051996,-0.063689,0.996614,-0.003911,0.997944,0.063978,-0.998640,-0.007224,0.051640),fov=70.000000,dt=0.018298},
	{cf=CFrame.new(3.985065,0.584130,-0.828903,0.055464,-0.062520,0.996501,-0.007999,0.997978,0.063058,-0.998429,-0.011469,0.054851),fov=70.000000,dt=0.016990},
	{cf=CFrame.new(3.913933,0.578636,-0.814209,0.058921,-0.061336,0.996377,-0.012095,0.997994,0.062151,-0.998189,-0.015713,0.058061),fov=70.000000,dt=0.016391},
	{cf=CFrame.new(3.842800,0.573143,-0.799545,0.062369,-0.060136,0.996240,-0.016197,0.997991,0.061256,-0.997922,-0.019956,0.061269),fov=70.000000,dt=0.016948},
	{cf=CFrame.new(3.770515,0.566401,-0.775558,0.092437,-0.054787,0.994210,-0.031540,0.997823,0.057919,-0.995219,-0.036711,0.090508),fov=70.000000,dt=0.016886},
	{cf=CFrame.new(3.950279,0.506304,-0.822037,0.091221,-0.046550,0.994742,-0.056677,0.997045,0.051855,-0.994216,-0.061109,0.088313),fov=70.000000,dt=0.018388},
	{cf=CFrame.new(4.130074,0.446200,-0.868530,0.089618,-0.038359,0.995237,-0.081767,0.995602,0.045736,-0.992614,-0.085476,0.086087),fov=70.000000,dt=0.015044},
	{cf=CFrame.new(4.309872,0.386096,-0.915024,0.087632,-0.030228,0.995694,-0.106788,0.993494,0.039560,-0.990412,-0.109795,0.083834),fov=70.000000,dt=0.016785},
	{cf=CFrame.new(4.489666,0.325993,-0.961533,0.085266,-0.022169,0.996111,-0.131722,0.990726,0.033324,-0.987613,-0.134051,0.081556),fov=70.000000,dt=0.016328},
	{cf=CFrame.new(4.669460,0.265888,-1.008011,0.082524,-0.014194,0.996488,-0.156549,0.987300,0.027027,-0.984216,-0.158230,0.079254),fov=70.000000,dt=0.016454},
	{cf=CFrame.new(4.849255,0.205784,-1.054504,0.079408,-0.006315,0.996822,-0.181250,0.983220,0.020667,-0.980226,-0.182315,0.076931),fov=70.000000,dt=0.018728},
	{cf=CFrame.new(5.025215,0.177719,-1.059753,0.066388,-0.003958,0.997786,-0.185719,0.982468,0.016254,-0.980358,-0.186387,0.064489),fov=70.000000,dt=0.016437},
	{cf=CFrame.new(5.201164,0.149657,-1.065002,0.053341,-0.001669,0.998575,-0.190114,0.981691,0.011796,-0.980312,-0.190473,0.052047),fov=70.000000,dt=0.013346},
	{cf=CFrame.new(5.327660,0.117088,-1.153320,0.042480,-0.003297,0.999092,-0.185826,0.982519,0.011143,-0.981664,-0.186131,0.041125),fov=70.000000,dt=0.016669},
	{cf=CFrame.new(5.633003,0.038462,-1.366562,0.016217,-0.007029,0.999844,-0.175430,0.984443,0.009766,-0.984358,-0.175561,0.014731),fov=70.000000,dt=0.017709},
	{cf=CFrame.new(5.845528,-0.071016,-1.392303,0.008968,-0.006154,0.999941,-0.179312,0.983762,0.007663,-0.983751,-0.179370,0.007719),fov=70.000000,dt=0.016755},
	{cf=CFrame.new(6.358524,-0.335310,-1.454391,-0.008538,-0.004156,0.999955,-0.188613,0.982048,0.002471,-0.982014,-0.188584,-0.009168),fov=70.000000,dt=0.016747},
	{cf=CFrame.new(6.334621,-0.270202,-1.372543,-0.004943,-0.004265,0.999979,-0.192831,0.981227,0.003232,-0.981220,-0.192811,-0.005673),fov=70.000000,dt=0.016605},
	{cf=CFrame.new(6.276733,-0.112917,-1.174942,0.003745,-0.004465,0.999983,-0.202984,0.979169,0.005132,-0.979175,-0.202999,0.002760),fov=70.000000,dt=0.016754},
	{cf=CFrame.new(6.400303,-0.090210,-1.222641,0.006639,-0.005423,0.999963,-0.200404,0.979691,0.006644,-0.979691,-0.200441,0.005417),fov=70.000000,dt=0.015554},
	{cf=CFrame.new(6.698673,-0.035442,-1.337875,0.013613,-0.007768,0.999877,-0.194150,0.980918,0.010263,-0.980877,-0.194266,0.011845),fov=70.000000,dt=0.017288},
	{cf=CFrame.new(6.696575,-0.092611,-1.283813,0.016178,-0.005566,0.999853,-0.188231,0.982088,0.008512,-0.981991,-0.188341,0.014840),fov=70.000000,dt=0.016107},
	{cf=CFrame.new(6.691418,-0.230655,-1.153244,0.022423,-0.000313,0.999748,-0.173934,0.984748,0.004209,-0.984502,-0.173985,0.022027),fov=70.000000,dt=0.016875},
	{cf=CFrame.new(6.702663,-0.256710,-1.086044,0.025988,-0.000290,0.999662,-0.171346,0.985200,0.004740,-0.984868,-0.171411,0.025554),fov=70.000000,dt=0.017850},
	{cf=CFrame.new(6.729820,-0.319570,-0.923874,0.034593,-0.000274,0.999401,-0.165088,0.986261,0.005984,-0.985672,-0.165196,0.034072),fov=70.000000,dt=0.015561},
	{cf=CFrame.new(6.729382,-0.203947,-0.904388,0.039028,-0.001778,0.999236,-0.164106,0.986409,0.008165,-0.985670,-0.164299,0.038206),fov=70.000000,dt=0.016581},
	{cf=CFrame.new(6.728302,0.075233,-0.857422,0.049726,-0.005428,0.998748,-0.161698,0.986749,0.013413,-0.985587,-0.162162,0.048190),fov=70.000000,dt=0.016650},
	{cf=CFrame.new(6.731789,0.056244,-0.920288,0.048300,-0.002985,0.998828,-0.158393,0.987319,0.010610,-0.986194,-0.158720,0.047215),fov=70.000000,dt=0.016701},
	{cf=CFrame.new(6.740208,0.010291,-1.072128,0.044886,0.002936,0.998988,-0.150390,0.988619,0.003852,-0.987607,-0.150411,0.044817),fov=70.000000,dt=0.016276},
	{cf=CFrame.new(6.733089,-0.079933,-0.986786,0.048829,0.004469,0.998797,-0.150114,0.988664,0.002915,-0.987462,-0.150075,0.048946),fov=70.000000,dt=0.017639},
	{cf=CFrame.new(6.715904,-0.297749,-0.780701,0.058347,0.008163,0.998263,-0.149465,0.988767,0.000651,-0.987044,-0.149243,0.058912),fov=70.000000,dt=0.015930},
	{cf=CFrame.new(6.781364,-0.282877,-0.764557,0.059736,0.007548,0.998186,-0.146262,0.989245,0.001273,-0.987441,-0.146072,0.060198),fov=70.000000,dt=0.018472},
	{cf=CFrame.new(6.939404,-0.246889,-0.725677,0.063077,0.006043,0.997990,-0.138518,0.990356,0.002758,-0.988349,-0.138414,0.063306),fov=70.000000,dt=0.017875},
	{cf=CFrame.new(6.972366,-0.232534,-0.764923,0.064258,0.004802,0.997922,-0.135865,0.990719,0.003981,-0.988641,-0.135838,0.064314),fov=70.000000,dt=0.015711},
	{cf=CFrame.new(7.051895,-0.197890,-0.859711,0.067095,0.001795,0.997745,-0.129452,0.991562,0.006922,-0.989313,-0.129625,0.066762),fov=70.000000,dt=0.015135},
	{cf=CFrame.new(7.044971,-0.247938,-0.896835,0.067239,0.004166,0.997728,-0.122549,0.992454,0.004115,-0.990182,-0.122548,0.067242),fov=70.000000,dt=0.016111},
	{cf=CFrame.new(7.028225,-0.368786,-0.986404,0.067652,0.009886,0.997660,-0.105864,0.994377,-0.002675,-0.992077,-0.105435,0.068318),fov=70.000000,dt=0.017317},
	{cf=CFrame.new(7.051926,-0.352147,-0.998199,0.068408,0.009723,0.997610,-0.107000,0.994256,-0.002353,-0.991903,-0.106583,0.069056),fov=70.000000,dt=0.017782},
	{cf=CFrame.new(7.109131,-0.311931,-1.026611,0.070236,0.009332,0.997487,-0.109747,0.993958,-0.001572,-0.991475,-0.109361,0.070836),fov=70.000000,dt=0.015774},
	{cf=CFrame.new(7.097145,-0.297611,-0.962708,0.072649,0.010749,0.997300,-0.104925,0.994475,-0.003075,-0.991823,-0.104418,0.073376),fov=70.000000,dt=0.017106},
	{cf=CFrame.new(7.068188,-0.263053,-0.808380,0.078502,0.014120,0.996814,-0.093284,0.995616,-0.006757,-0.992540,-0.092456,0.079475),fov=70.000000,dt=0.016313},
	{cf=CFrame.new(7.076828,-0.186466,-0.819809,0.080811,0.014857,0.996619,-0.089729,0.995938,-0.007571,-0.992682,-0.088813,0.081816),fov=70.000000,dt=0.016143},
	{cf=CFrame.new(7.097698,-0.001567,-0.847458,0.086390,0.016598,0.996123,-0.081152,0.996656,-0.009569,-0.992951,-0.080011,0.087448),fov=70.000000,dt=0.016987},
	{cf=CFrame.new(7.136520,-0.094977,-0.862503,0.089399,0.015637,0.995873,-0.083123,0.996506,-0.008185,-0.992521,-0.082048,0.090387),fov=70.000000,dt=0.017037},
	{cf=CFrame.new(7.230232,-0.320581,-0.898758,0.096666,0.013341,0.995227,-0.087866,0.996121,-0.004818,-0.991431,-0.086981,0.097464),fov=70.000000,dt=0.016851},
	{cf=CFrame.new(7.235027,-0.269228,-0.912048,0.096500,0.015159,0.995218,-0.084229,0.996422,-0.007010,-0.991763,-0.083150,0.097432),fov=70.000000,dt=0.016798},
	{cf=CFrame.new(7.246559,-0.145146,-0.944092,0.096125,0.019553,0.995177,-0.075440,0.997074,-0.012303,-0.992506,-0.073893,0.097319),fov=70.000000,dt=0.016638},
	{cf=CFrame.new(7.273922,-0.164217,-0.867264,0.100139,0.017865,0.994813,-0.070935,0.997423,-0.010772,-0.992442,-0.069488,0.101149),fov=70.000000,dt=0.016862},
	{cf=CFrame.new(7.339970,-0.210314,-0.681732,0.109795,0.013716,0.993860,-0.060030,0.998171,-0.007144,-0.992140,-0.058877,0.110418),fov=70.000000,dt=0.017345},
	{cf=CFrame.new(7.292866,-0.170645,-0.692184,0.109848,0.015754,0.993824,-0.060477,0.998128,-0.009138,-0.992107,-0.059100,0.110596),fov=70.000000,dt=0.014238},
	{cf=CFrame.new(7.179108,-0.074850,-0.717484,0.109971,0.020677,0.993720,-0.061562,0.998006,-0.013954,-0.992026,-0.059641,0.111024),fov=70.000000,dt=0.017871},
	{cf=CFrame.new(7.266037,-0.044055,-0.642181,0.114117,0.019415,0.993278,-0.062266,0.997983,-0.012353,-0.991514,-0.060437,0.115095),fov=70.000000,dt=0.016272},
	{cf=CFrame.new(7.475956,0.030258,-0.460342,0.124122,0.016377,0.992132,-0.063936,0.997918,-0.008474,-0.990205,-0.062381,0.124910),fov=70.000000,dt=0.018332},
	{cf=CFrame.new(7.464069,-0.028201,-0.436005,0.125812,0.016595,0.991915,-0.058937,0.998219,-0.009225,-0.990302,-0.057300,0.126566),fov=70.000000,dt=0.017558},
	{cf=CFrame.new(7.435268,-0.169374,-0.377258,0.129891,0.017087,0.991381,-0.046866,0.998840,-0.011075,-0.990420,-0.045023,0.130541),fov=70.000000,dt=0.013628},
	{cf=CFrame.new(7.419910,-0.136912,-0.385422,0.131349,0.016143,0.991205,-0.046247,0.998879,-0.010139,-0.990257,-0.044508,0.131949),fov=70.000000,dt=0.016645},
	{cf=CFrame.new(7.382839,-0.058471,-0.405136,0.134866,0.013860,0.990767,-0.044752,0.998967,-0.007883,-0.989853,-0.043276,0.135347),fov=70.000000,dt=0.018578},
	{cf=CFrame.new(7.380505,-0.125723,-0.383347,0.139739,0.014725,0.990079,-0.045947,0.998909,-0.008371,-0.989122,-0.044321,0.140263),fov=70.000000,dt=0.017064},
	{cf=CFrame.new(7.374870,-0.288131,-0.330734,0.151483,0.016834,0.988317,-0.048842,0.998761,-0.009526,-0.987253,-0.046828,0.152117),fov=70.000000,dt=0.014547},
	{cf=CFrame.new(7.376945,-0.301311,-0.384293,0.152006,0.015750,0.988254,-0.046004,0.998902,-0.008844,-0.987309,-0.044120,0.152564),fov=70.000000,dt=0.016515},
	{cf=CFrame.new(7.381950,-0.333059,-0.513641,0.153252,0.013126,0.988100,-0.039148,0.999207,-0.007202,-0.987411,-0.037579,0.153644),fov=70.000000,dt=0.016404},
	{cf=CFrame.new(7.439404,-0.254718,-0.486710,0.157640,0.014197,0.987395,-0.038030,0.999242,-0.008296,-0.986764,-0.036242,0.158060),fov=70.000000,dt=0.019708},
	{cf=CFrame.new(7.578102,-0.065551,-0.421616,0.168225,0.016759,0.985606,-0.035352,0.999315,-0.010958,-0.985114,-0.032999,0.168702),fov=70.000000,dt=0.015554},
	{cf=CFrame.new(7.554104,-0.066335,-0.367264,0.170969,0.015752,0.985151,-0.034243,0.999363,-0.010036,-0.984681,-0.032019,0.171399),fov=70.000000,dt=0.016461},
	{cf=CFrame.new(7.496105,-0.068306,-0.236053,0.177579,0.013308,0.984017,-0.031558,0.999471,-0.007822,-0.983600,-0.029664,0.177905),fov=70.000000,dt=0.016422},
	{cf=CFrame.new(7.451260,-0.047841,-0.162399,0.179661,0.014257,0.983625,-0.035626,0.999333,-0.007978,-0.983083,-0.033610,0.180049),fov=70.000000,dt=0.017278},
	{cf=CFrame.new(7.343006,0.001573,0.015396,0.184667,0.016585,0.982661,-0.045449,0.998932,-0.008318,-0.981750,-0.043125,0.185224),fov=70.000000,dt=0.016479},
	{cf=CFrame.new(7.398167,0.000233,0.024277,0.188687,0.015349,0.981917,-0.045488,0.998941,-0.006874,-0.980983,-0.043369,0.189185),fov=70.000000,dt=0.017378},
	{cf=CFrame.new(7.531372,-0.003016,0.045639,0.198378,0.012368,0.980048,-0.045555,0.998956,-0.003385,-0.979066,-0.043975,0.198734),fov=70.000000,dt=0.016517},
	{cf=CFrame.new(7.490517,-0.091918,0.035248,0.198534,0.013283,0.980004,-0.041036,0.999144,-0.005229,-0.979235,-0.039177,0.198909),fov=70.000000,dt=0.015407},
	{cf=CFrame.new(7.391850,-0.306559,0.010178,0.198927,0.015490,0.979892,-0.030122,0.999499,-0.009685,-0.979551,-0.027590,0.199294),fov=70.000000,dt=0.015693},
	{cf=CFrame.new(7.415718,-0.278281,-0.020279,0.203604,0.015401,0.978932,-0.030711,0.999485,-0.009337,-0.978572,-0.028163,0.203972),fov=70.000000,dt=0.017958},
	{cf=CFrame.new(7.473351,-0.209977,-0.093765,0.214875,0.015196,0.976523,-0.032128,0.999448,-0.008483,-0.976113,-0.029551,0.215245),fov=70.000000,dt=0.016484},
	{cf=CFrame.new(7.504429,-0.148384,-0.053528,0.216524,0.013910,0.976178,-0.031722,0.999471,-0.007206,-0.975762,-0.029406,0.216850),fov=70.000000,dt=0.017852},
	{cf=CFrame.new(7.579453,0.000316,0.043610,0.220497,0.010805,0.975328,-0.030732,0.999519,-0.004125,-0.974903,-0.029064,0.220723),fov=70.000000,dt=0.016347},
	{cf=CFrame.new(7.526279,-0.057732,0.106277,0.221564,0.010689,0.975087,-0.027888,0.999600,-0.004621,-0.974747,-0.026169,0.221774),fov=70.000000,dt=0.016227},
	{cf=CFrame.new(7.397900,-0.197871,0.257553,0.224138,0.010397,0.974502,-0.021023,0.999762,-0.005831,-0.974331,-0.019180,0.224303),fov=70.000000,dt=0.017384},
	{cf=CFrame.new(7.454552,-0.233438,0.202988,0.224927,0.010277,0.974321,-0.020691,0.999769,-0.005769,-0.974156,-0.018862,0.225088),fov=70.000000,dt=0.017294},
	{cf=CFrame.new(7.591309,-0.319295,0.071213,0.226832,0.009988,0.973883,-0.019888,0.999786,-0.005621,-0.973731,-0.018093,0.226982),fov=70.000000,dt=0.015845},
	{cf=CFrame.new(7.638821,-0.244903,0.094391,0.228908,0.009639,0.973400,-0.019594,0.999794,-0.005292,-0.973251,-0.017862,0.229050),fov=70.000000,dt=0.017679},
	{cf=CFrame.new(7.753498,-0.065331,0.150314,0.233917,0.008795,0.972217,-0.018883,0.999812,-0.004501,-0.972073,-0.017306,0.234039),fov=70.000000,dt=0.016361},
	{cf=CFrame.new(7.707008,-0.018874,0.201859,0.237282,0.008210,0.971406,-0.020564,0.999783,-0.003427,-0.971223,-0.019163,0.237399),fov=70.000000,dt=0.015965},
	{cf=CFrame.new(7.594795,0.093255,0.326263,0.245395,0.006826,0.969399,-0.024606,0.999697,-0.000810,-0.969111,-0.023654,0.245488),fov=70.000000,dt=0.014634},
	{cf=CFrame.new(7.607292,0.073222,0.383820,0.247346,0.006794,0.968903,-0.024200,0.999707,-0.000832,-0.968625,-0.023242,0.247438),fov=70.000000,dt=0.017409},
	{cf=CFrame.new(7.637463,0.024871,0.522781,0.252051,0.006712,0.967690,-0.023219,0.999730,-0.000887,-0.967435,-0.022246,0.252139),fov=70.000000,dt=0.016928},
	{cf=CFrame.new(7.602245,0.001900,0.541504,0.253317,0.007536,0.967354,-0.021706,0.999762,-0.002104,-0.967140,-0.020465,0.253421),fov=70.000000,dt=0.016785},
	{cf=CFrame.new(7.517265,-0.053538,0.586670,0.256376,0.009513,0.966530,-0.018062,0.999824,-0.005050,-0.966408,-0.016163,0.256503),fov=70.000000,dt=0.018180},
	{cf=CFrame.new(7.551178,-0.062064,0.508026,0.258674,0.009222,0.965921,-0.021844,0.999755,-0.003695,-0.965718,-0.020144,0.258812),fov=70.000000,dt=0.015117},
	{cf=CFrame.new(7.633022,-0.082646,0.318268,0.264216,0.008557,0.964425,-0.030953,0.999521,-0.000389,-0.963967,-0.029749,0.264355),fov=70.000000,dt=0.016767},
	{cf=CFrame.new(7.641327,-0.124367,0.378250,0.264522,0.010235,0.964325,-0.027258,0.999624,-0.003132,-0.963994,-0.025457,0.264701),fov=70.000000,dt=0.014961},
	{cf=CFrame.new(7.661373,-0.225040,0.523071,0.265285,0.014275,0.964064,-0.018345,0.999784,-0.009756,-0.963995,-0.015098,0.265490),fov=70.000000,dt=0.017531},
	{cf=CFrame.new(7.650085,-0.238516,0.600067,0.269617,0.013727,0.962870,-0.022613,0.999713,-0.007921,-0.962702,-0.019638,0.269850),fov=70.000000,dt=0.016931},
	{cf=CFrame.new(7.622822,-0.271031,0.785812,0.280055,0.012489,0.959903,-0.032874,0.999454,-0.003412,-0.959421,-0.030600,0.280312),fov=70.000000,dt=0.016970},
	{cf=CFrame.new(7.570095,-0.263685,0.704803,0.281187,0.013029,0.959565,-0.030847,0.999514,-0.004532,-0.959157,-0.028325,0.281452),fov=70.000000,dt=0.016612},
	{cf=CFrame.new(7.442867,-0.245942,0.509338,0.283924,0.014322,0.958740,-0.025961,0.999637,-0.007245,-0.958495,-0.022833,0.284192),fov=70.000000,dt=0.016423},
	{cf=CFrame.new(7.429226,-0.173944,0.564545,0.285615,0.014013,0.958242,-0.028083,0.999586,-0.006247,-0.957933,-0.025126,0.285890),fov=70.000000,dt=0.016906},
	{cf=CFrame.new(7.396317,-0.000237,0.697739,0.289696,0.013285,0.957026,-0.033196,0.999442,-0.003825,-0.956543,-0.030661,0.289975),fov=70.000000,dt=0.018328},
	{cf=CFrame.new(7.397415,-0.014855,0.662354,0.292208,0.013596,0.956258,-0.029739,0.999545,-0.005124,-0.955892,-0.026941,0.292479),fov=70.000000,dt=0.016551},
	{cf=CFrame.new(7.400047,-0.050134,0.576996,0.298264,0.014305,0.954376,-0.021411,0.999736,-0.008293,-0.954243,-0.017961,0.298492),fov=70.000000,dt=0.016886},
	{cf=CFrame.new(7.329372,-0.090005,0.625397,0.300152,0.012759,0.953806,-0.021960,0.999738,-0.006463,-0.953639,-0.019005,0.300353),fov=70.000000,dt=0.016289},
	{cf=CFrame.new(7.158901,-0.186189,0.742218,0.304705,0.009040,0.952404,-0.023268,0.999727,-0.002045,-0.952163,-0.021537,0.304832),fov=70.000000,dt=0.016206},
	{cf=CFrame.new(7.233250,-0.188565,0.817932,0.307945,0.007813,0.951372,-0.022515,0.999746,-0.000922,-0.951138,-0.021136,0.308043),fov=70.000000,dt=0.017871},
	{cf=CFrame.new(7.412598,-0.194296,1.000549,0.315743,0.004847,0.948832,-0.020685,0.999784,0.001776,-0.948619,-0.020187,0.315776),fov=70.000000,dt=0.016053},
	{cf=CFrame.new(7.401031,-0.192675,0.996033,0.315940,0.004910,0.948766,-0.020627,0.999786,0.001695,-0.948555,-0.020105,0.315974),fov=70.000000,dt=0.016171},
	{cf=CFrame.new(7.369446,-0.188250,0.983658,0.316479,0.005083,0.948586,-0.020469,0.999789,0.001471,-0.948379,-0.019882,0.316517),fov=70.000000,dt=0.016823},
	{cf=CFrame.new(7.326305,-0.182176,0.966782,0.317215,0.005319,0.948339,-0.020251,0.999794,0.001166,-0.948137,-0.019574,0.317258),fov=70.000000,dt=0.014474},
	{cf=CFrame.new(7.263355,-0.098885,0.998840,0.316749,0.004518,0.948499,-0.014116,0.999900,-0.000049,-0.948404,-0.013374,0.316781),fov=70.000000,dt=0.016627},
	{cf=CFrame.new(7.200394,-0.015636,1.030853,0.316270,0.003721,0.948662,-0.007985,0.999967,-0.001260,-0.948635,-0.007177,0.316290),fov=70.000000,dt=0.017717},
	{cf=CFrame.new(7.099396,-0.028232,1.001480,0.319578,0.003217,0.947554,-0.010566,0.999944,0.000169,-0.947501,-0.010066,0.319594),fov=70.000000,dt=0.017978},
	{cf=CFrame.new(6.855782,-0.058600,0.930603,0.327545,0.002043,0.944833,-0.016770,0.999853,0.003652,-0.944687,-0.017041,0.327531),fov=70.000000,dt=0.016734},
	{cf=CFrame.new(6.805634,-0.037929,0.855713,0.327615,0.003163,0.944806,-0.019043,0.999813,0.003256,-0.944619,-0.019059,0.327614),fov=70.000000,dt=0.016544},
	{cf=CFrame.new(6.684658,0.011870,0.675156,0.327773,0.005864,0.944738,-0.024521,0.999697,0.002302,-0.944438,-0.023921,0.327818),fov=70.000000,dt=0.016988},
	{cf=CFrame.new(6.598522,-0.087028,0.690201,0.327842,0.006999,0.944707,-0.020581,0.999788,-0.000264,-0.944508,-0.019356,0.327917),fov=70.000000,dt=0.016112},
	{cf=CFrame.new(6.390808,-0.325460,0.726440,0.328029,0.009732,0.944617,-0.011077,0.999918,-0.006455,-0.944603,-0.008346,0.328110),fov=70.000000,dt=0.016780},
	{cf=CFrame.new(6.396168,-0.228619,0.695816,0.331157,0.007686,0.943544,-0.007945,0.999954,-0.005357,-0.943542,-0.005723,0.331203),fov=70.000000,dt=0.015426},
	{cf=CFrame.new(6.409004,0.004881,0.621979,0.338658,0.002715,0.940906,-0.000380,0.999996,-0.002749,-0.940909,0.000573,0.338658),fov=70.000000,dt=0.017570},
	{cf=CFrame.new(6.271431,-0.004241,0.609192,0.340821,0.001938,0.940126,-0.002843,0.999995,-0.001031,-0.940124,-0.002321,0.340825),fov=70.000000,dt=0.016755},
	{cf=CFrame.new(5.939686,-0.026225,0.578400,0.346036,0.000092,0.938221,-0.008764,0.999957,0.003134,-0.938180,-0.009307,0.346022),fov=70.000000,dt=0.014891},
	{cf=CFrame.new(5.874649,-0.007527,0.561188,0.346914,-0.000212,0.937897,-0.006372,0.999977,0.002583,-0.937875,-0.006872,0.346904),fov=70.000000,dt=0.017515},
	{cf=CFrame.new(5.717796,0.037497,0.519653,0.349026,-0.000952,0.937113,-0.000608,0.999999,0.001243,-0.937113,-0.001004,0.349025),fov=70.000000,dt=0.016943},
	{cf=CFrame.new(5.631413,-0.050856,0.421143,0.349644,0.001618,0.936881,0.000503,0.999998,-0.001915,-0.936882,0.001141,0.349643),fov=70.000000,dt=0.017374},
	{cf=CFrame.new(5.423088,-0.263814,0.183670,0.351149,0.007808,0.936287,0.003175,0.999950,-0.009530,-0.936314,0.006319,0.351106),fov=70.000000,dt=0.015408},
	{cf=CFrame.new(5.296715,-0.202615,0.185287,0.356129,0.005676,0.934420,0.004212,0.999962,-0.007679,-0.934427,0.006671,0.356091),fov=70.000000,dt=0.016816},
	{cf=CFrame.new(4.991863,-0.055129,0.189133,0.368082,0.000528,0.929793,0.006751,0.999972,-0.003241,-0.929769,0.007470,0.368068),fov=70.000000,dt=0.016915},
	{cf=CFrame.new(4.635624,-0.106669,0.173477,0.368024,0.000725,0.929816,0.005151,0.999983,-0.002818,-0.929802,0.005827,0.368014),fov=70.000000,dt=0.015103},
	{cf=CFrame.new(5.013775,-0.049706,-0.089127,0.312758,0.032649,0.949271,-0.110845,0.993835,0.002339,-0.943343,-0.105953,0.314449),fov=70.000000,dt=0.018265},
	{cf=CFrame.new(5.391922,0.007258,-0.351700,0.250526,0.057108,0.966424,-0.224093,0.974567,0.000503,-0.941817,-0.216695,0.256952),fov=70.000000,dt=0.016243},
	{cf=CFrame.new(5.770073,0.064222,-0.614304,0.182439,0.073325,0.980479,-0.332560,0.943042,-0.008646,-0.925267,-0.324491,0.196433),fov=70.000000,dt=0.016029},
	{cf=CFrame.new(6.148224,0.121186,-0.876907,0.132332,0.052175,0.989831,-0.248375,0.968499,-0.017845,-0.959582,-0.243488,0.141123),fov=70.000000,dt=0.017980},
	{cf=CFrame.new(6.526371,0.178150,-1.139481,0.077964,0.035439,0.996326,-0.163225,0.986337,-0.022311,-0.983504,-0.160886,0.082684),fov=70.000000,dt=0.018791},
	{cf=CFrame.new(6.904522,0.235114,-1.402084,0.019952,0.023465,0.999525,-0.078108,0.996706,-0.021839,-0.996745,-0.077636,0.021719),fov=70.000000,dt=0.013484},
	{cf=CFrame.new(7.282494,0.292051,-1.664490,-0.040973,0.016533,0.999023,0.005964,0.999849,-0.016302,-0.999142,0.005291,-0.041065),fov=70.000000,dt=0.016177},
	{cf=CFrame.new(7.417564,0.313602,-1.693558,-0.035186,0.018227,0.999214,0.060475,0.998040,-0.016076,-0.997549,0.059862,-0.036220),fov=70.000000,dt=0.017343},
	{cf=CFrame.new(7.552635,0.335153,-1.722641,-0.030189,0.019661,0.999351,0.114889,0.993248,-0.016070,-0.992920,0.114329,-0.032244),fov=70.000000,dt=0.016956},
	{cf=CFrame.new(7.687706,0.356705,-1.751709,-0.025992,0.020902,0.999444,0.169028,0.985478,-0.016214,-0.985268,0.168512,-0.029148),fov=70.000000,dt=0.016338},
	{cf=CFrame.new(7.822777,0.378256,-1.780777,-0.022605,0.022016,0.999502,0.222616,0.974768,-0.016436,-0.974644,0.222133,-0.026935),fov=70.000000,dt=0.016756},
	{cf=CFrame.new(7.957848,0.399807,-1.809845,-0.019024,0.020035,0.999618,0.148798,0.988722,-0.016985,-0.988685,0.148418,-0.021791),fov=70.000000,dt=0.017095},
	{cf=CFrame.new(8.092918,0.421358,-1.838928,-0.016934,0.018401,0.999687,0.074081,0.997106,-0.017099,-0.997108,0.073768,-0.018249),fov=70.000000,dt=0.016044},
	{cf=CFrame.new(8.227951,0.442902,-1.867996,-0.016359,0.016942,0.999723,-0.001004,0.999856,-0.016961,-0.999866,-0.001282,-0.016339),fov=70.000000,dt=0.017040},
	{cf=CFrame.new(8.325079,0.455567,-1.885529,-0.013784,0.017018,0.999760,0.016048,0.999730,-0.016796,-0.999776,0.015813,-0.014053),fov=70.000000,dt=0.016975},
	{cf=CFrame.new(8.422203,0.468233,-1.903046,-0.011292,0.017052,0.999791,0.033109,0.999313,-0.016670,-0.999388,0.032914,-0.011849),fov=70.000000,dt=0.015737},
	{cf=CFrame.new(8.519325,0.480898,-1.920593,-0.008884,0.017047,0.999815,0.050172,0.998603,-0.016581,-0.998701,0.050015,-0.009727),fov=70.000000,dt=0.016218},
	{cf=CFrame.new(8.616453,0.493563,-1.938126,-0.006561,0.017004,0.999834,0.067231,0.997600,-0.016525,-0.997716,0.067112,-0.007688),fov=70.000000,dt=0.016472},
	{cf=CFrame.new(8.713499,0.506217,-1.955643,-0.004324,0.016925,0.999847,0.084252,0.996308,-0.016501,-0.996435,0.084168,-0.005734),fov=70.000000,dt=0.017955},
	{cf=CFrame.new(8.725557,0.506018,-1.955719,-0.004448,0.016849,0.999848,0.068464,0.997517,-0.016505,-0.997644,0.068381,-0.005590),fov=70.000000,dt=0.016497},
	{cf=CFrame.new(8.737617,0.505818,-1.955780,-0.004642,0.016773,0.999848,0.052660,0.998476,-0.016505,-0.998602,0.052576,-0.005518),fov=70.000000,dt=0.017058},
	{cf=CFrame.new(8.749680,0.505620,-1.955841,-0.004906,0.016696,0.999848,0.036844,0.999185,-0.016504,-0.999309,0.036758,-0.005517),fov=70.000000,dt=0.016946},
	{cf=CFrame.new(8.761738,0.505421,-1.955933,-0.005241,0.016616,0.999848,0.021020,0.999643,-0.016502,-0.999765,0.020931,-0.005588),fov=70.000000,dt=0.017154},
	{cf=CFrame.new(8.773806,0.505221,-1.955994,-0.005646,0.016531,0.999847,0.005206,0.999850,-0.016502,-0.999970,0.005112,-0.005731),fov=70.000000,dt=0.015666},
	{cf=CFrame.new(8.793768,0.504892,-1.956100,-0.005680,0.016517,0.999847,0.002727,0.999860,-0.016502,-0.999980,0.002633,-0.005724),fov=70.000000,dt=0.015956},
	{cf=CFrame.new(8.813736,0.504562,-1.956223,-0.005715,0.016503,0.999847,0.000249,0.999864,-0.016502,-0.999983,0.000154,-0.005719),fov=70.000000,dt=0.017181},
	{cf=CFrame.new(8.833702,0.504233,-1.956329,-0.005753,0.016489,0.999847,-0.002230,0.999861,-0.016502,-0.999981,-0.002324,-0.005715),fov=70.000000,dt=0.017558},
	{cf=CFrame.new(8.853666,0.503903,-1.956436,-0.005792,0.016475,0.999847,-0.004708,0.999853,-0.016502,-0.999972,-0.004803,-0.005713),fov=70.000000,dt=0.017472},
	{cf=CFrame.new(8.873631,0.503574,-1.956558,-0.005833,0.016460,0.999847,-0.007186,0.999838,-0.016502,-0.999957,-0.007281,-0.005714),fov=70.000000,dt=0.017632},
	{cf=CFrame.new(8.893597,0.503245,-1.956680,-0.005875,0.016446,0.999847,-0.009664,0.999817,-0.016502,-0.999936,-0.009760,-0.005715),fov=70.000000,dt=0.015245},
	{cf=CFrame.new(8.913561,0.502915,-1.956787,-0.005919,0.016431,0.999848,-0.012142,0.999790,-0.016502,-0.999909,-0.012238,-0.005719),fov=70.000000,dt=0.017761},
	{cf=CFrame.new(8.933527,0.502586,-1.956909,-0.005965,0.016416,0.999847,-0.014620,0.999757,-0.016502,-0.999875,-0.014717,-0.005724),fov=70.000000,dt=0.016170},
	{cf=CFrame.new(8.953480,0.502256,-1.957016,-0.006013,0.016399,0.999847,-0.017110,0.999717,-0.016500,-0.999835,-0.017207,-0.005731),fov=70.000000,dt=0.016215},
	{cf=CFrame.new(8.963266,0.502095,-1.957077,-0.006080,0.014384,0.999878,-0.030806,0.999419,-0.014564,-0.999507,-0.030891,-0.005633),fov=70.000000,dt=0.015614},
	{cf=CFrame.new(8.973057,0.501934,-1.957138,-0.006173,0.012366,0.999905,-0.044496,0.998930,-0.012629,-0.998990,-0.044570,-0.005616),fov=70.000000,dt=0.017084},
	{cf=CFrame.new(8.982840,0.501772,-1.957184,-0.006293,0.010347,0.999927,-0.058138,0.998251,-0.010695,-0.998289,-0.058201,-0.005680),fov=70.000000,dt=0.017471},
	{cf=CFrame.new(8.992626,0.501610,-1.957245,-0.005881,0.008543,0.999946,-0.037378,0.999263,-0.008757,-0.999284,-0.037427,-0.005557),fov=70.000000,dt=0.019247},
	{cf=CFrame.new(9.002415,0.501449,-1.957291,-0.005631,0.006730,0.999961,-0.016599,0.999839,-0.006823,-0.999846,-0.016637,-0.005518),fov=70.000000,dt=0.016136},
	{cf=CFrame.new(9.012188,0.501287,-1.957352,-0.005543,0.004915,0.999973,0.004187,0.999979,-0.004891,-0.999976,0.004160,-0.005564),fov=70.000000,dt=0.012906},
	{cf=CFrame.new(9.011858,0.501192,-1.957352,-0.005287,0.004230,0.999977,0.024165,0.999700,-0.004101,-0.999694,0.024143,-0.005388),fov=70.000000,dt=0.016213},
	{cf=CFrame.new(9.011528,0.501097,-1.957352,-0.005160,0.003543,0.999980,0.044135,0.999020,-0.003312,-0.999012,0.044117,-0.005311),fov=70.000000,dt=0.017754},
	{cf=CFrame.new(9.011198,0.501002,-1.957352,-0.005161,0.002858,0.999983,0.064087,0.997941,-0.002521,-0.997931,0.064073,-0.005333),fov=70.000000,dt=0.015462},
	{cf=CFrame.new(9.010868,0.500907,-1.957352,-0.005289,0.002177,0.999984,0.083966,0.996467,-0.001726,-0.996455,0.083955,-0.005454),fov=70.000000,dt=0.016932},
	{cf=CFrame.new(9.010538,0.500812,-1.957367,-0.005167,0.001277,0.999986,0.064520,0.997916,-0.000941,-0.997903,0.064514,-0.005239),fov=70.000000,dt=0.016478},
	{cf=CFrame.new(9.010208,0.500716,-1.957352,-0.005137,0.000382,0.999987,0.045050,0.998985,-0.000150,-0.998971,0.045048,-0.005149),fov=70.000000,dt=0.016618},
	{cf=CFrame.new(9.009878,0.500621,-1.957352,-0.005198,-0.000512,0.999986,0.025562,0.999673,0.000644,-0.999660,0.025565,-0.005183),fov=70.000000,dt=0.015991},
	{cf=CFrame.new(9.009489,0.500527,-1.957336,-0.005346,-0.001406,0.999985,0.006084,0.999981,0.001438,-0.999967,0.006092,-0.005337),fov=70.000000,dt=0.016818},
	{cf=CFrame.new(8.963137,0.501120,-1.939087,-0.002237,-0.002152,0.999995,0.001131,0.999997,0.002154,-0.999997,0.001136,-0.002234),fov=70.000000,dt=0.016187},
	{cf=CFrame.new(8.916784,0.501713,-1.920853,0.000869,-0.002883,0.999995,-0.003825,0.999989,0.002887,-0.999992,-0.003827,0.000858),fov=70.000000,dt=0.017689},
	{cf=CFrame.new(8.870432,0.502306,-1.902618,0.003972,-0.003600,0.999986,-0.008782,0.999955,0.003635,-0.999953,-0.008796,0.003940),fov=70.000000,dt=0.016587},
	{cf=CFrame.new(8.824080,0.502899,-1.884369,0.007070,-0.004302,0.999966,-0.013740,0.999896,0.004399,-0.999881,-0.013771,0.007010),fov=70.000000,dt=0.016570},
	{cf=CFrame.new(8.777725,0.503492,-1.866150,0.010165,-0.004990,0.999936,-0.018701,0.999812,0.005179,-0.999773,-0.018752,0.010070),fov=70.000000,dt=0.016875},
	{cf=CFrame.new(8.731400,0.504085,-1.847870,0.013276,-0.005664,0.999896,-0.023546,0.999705,0.005975,-0.999635,-0.023622,0.013139),fov=70.000000,dt=0.018004},
	{cf=CFrame.new(8.703756,0.504112,-1.812836,0.029971,-0.008163,0.999517,0.056550,0.998379,0.006458,-0.997950,0.056329,0.030384),fov=70.000000,dt=0.017652},
	{cf=CFrame.new(8.676115,0.504139,-1.777786,0.044599,-0.011886,0.998934,0.136622,0.990607,0.005687,-0.989619,0.136223,0.045804),fov=70.000000,dt=0.016783},
	{cf=CFrame.new(8.648470,0.504167,-1.742752,0.057074,-0.016586,0.998232,0.215935,0.976400,0.003877,-0.974738,0.215332,0.059309),fov=70.000000,dt=0.015176},
	{cf=CFrame.new(8.620829,0.504194,-1.707703,0.074140,-0.015074,0.997134,0.179582,0.983742,0.001519,-0.980945,0.178955,0.075641),fov=70.000000,dt=0.016415},
	{cf=CFrame.new(8.593184,0.504222,-1.672668,0.090765,-0.012888,0.995789,0.142800,0.989752,-0.000206,-0.985581,0.142217,0.091676),fov=70.000000,dt=0.016457},
	{cf=CFrame.new(8.565538,0.504250,-1.637619,0.106919,-0.010048,0.994217,0.105650,0.994403,-0.001311,-0.988639,0.105179,0.107382),fov=70.000000,dt=0.016765},
	{cf=CFrame.new(8.537895,0.504277,-1.602585,0.122573,-0.006576,0.992438,0.068196,0.997670,-0.001812,-0.990114,0.067902,0.122736),fov=70.000000,dt=0.017000},
	{cf=CFrame.new(8.510252,0.504304,-1.567535,0.137698,-0.002495,0.990471,0.030502,0.999533,-0.001723,-0.990004,0.030448,0.137710),fov=70.000000,dt=0.017861},
	{cf=CFrame.new(8.482607,0.504332,-1.532501,0.152267,0.002172,0.988337,-0.007368,0.999972,-0.001063,-0.988312,-0.007120,0.152279),fov=70.000000,dt=0.016373},
	{cf=CFrame.new(8.454933,0.504359,-1.497467,0.166252,0.007394,0.986056,-0.045299,0.998973,0.000147,-0.985042,-0.044692,0.166416),fov=70.000000,dt=0.017334},
	{cf=CFrame.new(8.406221,0.504440,-1.474564,0.177083,0.009062,0.984154,-0.050115,0.998743,-0.000179,-0.982919,-0.049289,0.177315),fov=70.000000,dt=0.014089},
	{cf=CFrame.new(8.357513,0.504520,-1.451645,0.187879,0.010785,0.982133,-0.054948,0.998489,-0.000453,-0.980654,-0.053881,0.188187),fov=70.000000,dt=0.016590},
	{cf=CFrame.new(8.308804,0.504601,-1.428726,0.198636,0.012562,0.979993,-0.059795,0.998210,-0.000675,-0.978248,-0.058465,0.199032),fov=70.000000,dt=0.016975},
	{cf=CFrame.new(8.260094,0.504682,-1.405823,0.209355,0.014393,0.977734,-0.064657,0.997907,-0.000845,-0.975700,-0.063040,0.209847),fov=70.000000,dt=0.017515},
	{cf=CFrame.new(8.211388,0.504762,-1.382889,0.220032,0.016278,0.975357,-0.069532,0.997579,-0.000963,-0.973011,-0.067607,0.220631),fov=70.000000,dt=0.016758},
	{cf=CFrame.new(8.162632,0.504843,-1.360031,0.230651,0.018217,0.972866,-0.074427,0.997226,-0.001027,-0.970186,-0.072171,0.231367),fov=70.000000,dt=0.018899},
	{cf=CFrame.new(8.085732,0.505003,-1.364914,0.230928,0.020129,0.972762,-0.083082,0.996542,-0.000898,-0.969417,-0.080612,0.231802),fov=70.000000,dt=0.015524},
	{cf=CFrame.new(8.008835,0.505165,-1.369812,0.231172,0.022044,0.972663,-0.091732,0.995783,-0.000766,-0.968579,-0.089048,0.232219),fov=70.000000,dt=0.016639},
	{cf=CFrame.new(7.931938,0.505326,-1.374695,0.231381,0.023960,0.972568,-0.100376,0.994949,-0.000631,-0.967671,-0.097477,0.232617),fov=70.000000,dt=0.016223},
	{cf=CFrame.new(7.855042,0.505487,-1.379593,0.231557,0.025876,0.972477,-0.109014,0.994040,-0.000493,-0.966694,-0.105899,0.232997),fov=70.000000,dt=0.015046},
	{cf=CFrame.new(7.778141,0.505648,-1.384491,0.231698,0.027794,0.972391,-0.117643,0.993056,-0.000353,-0.965648,-0.114313,0.233358),fov=70.000000,dt=0.017244},
	{cf=CFrame.new(7.701233,0.505809,-1.389404,0.231795,0.029711,0.972311,-0.126267,0.991996,-0.000211,-0.964535,-0.122722,0.233691),fov=70.000000,dt=0.017921},
	{cf=CFrame.new(7.617210,0.505998,-1.409973,0.225892,0.031197,0.973653,-0.136085,0.990697,-0.000170,-0.964600,-0.132462,0.228036),fov=70.000000,dt=0.015619},
	{cf=CFrame.new(7.533192,0.506186,-1.430557,0.219947,0.032619,0.974966,-0.145879,0.989303,-0.000189,-0.964543,-0.142185,0.222353),fov=70.000000,dt=0.017624},
	{cf=CFrame.new(7.449169,0.506374,-1.451111,0.213960,0.033977,0.976251,-0.155645,0.987813,-0.000268,-0.964363,-0.151891,0.216640),fov=70.000000,dt=0.016052},
	{cf=CFrame.new(7.365150,0.506563,-1.471695,0.207930,0.035271,0.977508,-0.165382,0.986230,-0.000407,-0.964061,-0.161578,0.210900),fov=70.000000,dt=0.017216},
	{cf=CFrame.new(7.281128,0.506752,-1.492264,0.201860,0.036501,0.978734,-0.175090,0.984552,-0.000606,-0.963637,-0.171245,0.205133),fov=70.000000,dt=0.016760},
	{cf=CFrame.new(7.197109,0.506940,-1.512848,0.195751,0.037666,0.979930,-0.184768,0.982782,-0.000866,-0.963090,-0.180890,0.199339),fov=70.000000,dt=0.016971},
	{cf=CFrame.new(7.113087,0.507129,-1.533401,0.189601,0.038765,0.981095,-0.194413,0.980919,-0.001187,-0.962421,-0.190513,0.193520),fov=70.000000,dt=0.014754},
	{cf=CFrame.new(7.027126,0.507322,-1.554611,0.183217,0.039815,0.982266,-0.204254,0.978917,-0.001581,-0.961619,-0.200342,0.187487),fov=70.000000,dt=0.018410},
	{cf=CFrame.new(5.852352,0.509048,-1.923569,0.063712,0.041278,0.997114,-0.337586,0.941134,-0.017390,-0.939136,-0.335504,0.073896),fov=70.000000,dt=0.015896},
	{cf=CFrame.new(5.926857,-0.041772,-0.688324,0.642009,0.265198,0.719371,-0.228910,0.961779,-0.150269,-0.731727,-0.068197,0.678178),fov=70.000000,dt=0.016330},
	{cf=CFrame.new(5.886829,0.072729,-0.823578,0.630218,0.270488,0.727779,-0.152911,0.962235,-0.225215,-0.761212,0.030649,0.647778),fov=70.000000,dt=0.017164},
	{cf=CFrame.new(5.846920,0.186903,-0.958450,0.617234,0.277697,0.736143,-0.074791,0.952113,-0.296458,-0.783217,0.127928,0.608445),fov=70.000000,dt=0.016013},
	{cf=CFrame.new(5.870426,0.119654,-0.878998,0.624481,0.273423,0.731617,-0.121232,0.959302,-0.255035,-0.771574,0.070569,0.632213),fov=70.000000,dt=0.016798},
	{cf=CFrame.new(5.927109,-0.041942,-0.687607,0.642046,0.265220,0.719329,-0.229067,0.961761,-0.150149,-0.731645,-0.068372,0.678248),fov=70.000000,dt=0.016527},
	{cf=CFrame.new(6.026756,-0.022059,-0.426743,0.651782,0.281452,0.704248,-0.241395,0.957285,-0.159166,-0.718963,-0.066261,0.691882),fov=70.000000,dt=0.017154},
	{cf=CFrame.new(6.037689,-0.033769,-0.503281,0.648076,0.278569,0.708800,-0.238419,0.958130,-0.158566,-0.723294,-0.066229,0.687357),fov=70.000000,dt=0.016774},
	{cf=CFrame.new(6.063847,-0.061848,-0.687225,0.639038,0.271617,0.719621,-0.231271,0.960134,-0.157024,-0.733583,-0.066083,0.676379),fov=70.000000,dt=0.016893},
	{cf=CFrame.new(6.002220,-0.027707,-0.692749,0.643079,0.263837,0.718916,-0.229713,0.962006,-0.147568,-0.730535,-0.070246,0.679252),fov=70.000000,dt=0.016865},
	{cf=CFrame.new(5.854259,0.054157,-0.705978,0.652679,0.245165,0.716871,-0.225774,0.966145,-0.124858,-0.723212,-0.080359,0.685935),fov=70.000000,dt=0.016011},
	{cf=CFrame.new(5.926609,-0.041594,-0.688217,0.642026,0.265199,0.719355,-0.229058,0.961766,-0.150133,-0.731666,-0.068385,0.678224),fov=70.000000,dt=0.016229},
	{cf=CFrame.new(5.761860,0.158275,-0.752411,0.640885,0.269877,0.718632,-0.235740,0.960119,-0.150329,-0.730543,-0.073067,0.678947),fov=70.000000,dt=0.017099},
	{cf=CFrame.new(5.781631,0.117913,-0.725708,0.641280,0.267378,0.719214,-0.232409,0.960977,-0.150031,-0.731263,-0.070940,0.678397),fov=70.000000,dt=0.017545},
	{cf=CFrame.new(5.829201,0.020807,-0.661423,0.642196,0.261371,0.720604,-0.224398,0.962992,-0.149306,-0.732960,-0.065818,0.677080),fov=70.000000,dt=0.015427},
	{cf=CFrame.new(5.862320,-0.039819,-0.613327,0.642307,0.263638,0.719678,-0.226923,0.962294,-0.149988,-0.732085,-0.066973,0.677913),fov=70.000000,dt=0.016533},
	{cf=CFrame.new(5.941807,-0.185472,-0.497910,0.642550,0.269081,0.717443,-0.232986,0.960589,-0.151610,-0.729964,-0.069737,0.679919),fov=70.000000,dt=0.016952},
	{cf=CFrame.new(5.901348,-0.178086,-0.550873,0.642548,0.269082,0.717444,-0.233405,0.960549,-0.151221,-0.729831,-0.070289,0.680004),fov=70.000000,dt=0.017205},
	{cf=CFrame.new(5.804153,-0.160334,-0.678085,0.642544,0.269084,0.717448,-0.234412,0.960450,-0.150285,-0.729513,-0.071614,0.680208),fov=70.000000,dt=0.017768},
	{cf=CFrame.new(5.807987,-0.156543,-0.678101,0.642527,0.268951,0.717513,-0.234229,0.960496,-0.150280,-0.729586,-0.071503,0.680140),fov=70.000000,dt=0.015891},
	{cf=CFrame.new(5.819180,-0.145462,-0.678116,0.642476,0.268562,0.717704,-0.233692,0.960629,-0.150266,-0.729803,-0.071180,0.679941),fov=70.000000,dt=0.015571},
	{cf=CFrame.new(5.836979,-0.127844,-0.678146,0.642395,0.267942,0.718008,-0.232839,0.960840,-0.150242,-0.730147,-0.070665,0.679626),fov=70.000000,dt=0.017462},
	{cf=CFrame.new(5.860172,-0.104890,-0.678177,0.642289,0.267135,0.718404,-0.231727,0.961114,-0.150211,-0.730594,-0.069995,0.679215),fov=70.000000,dt=0.016521},
	{cf=CFrame.new(5.887173,-0.078164,-0.678223,0.642164,0.266196,0.718864,-0.230432,0.961431,-0.150173,-0.731114,-0.069213,0.678736),fov=70.000000,dt=0.017586},
	{cf=CFrame.new(5.916050,-0.049541,-0.678284,0.642028,0.265190,0.719357,-0.229045,0.961769,-0.150132,-0.731668,-0.068376,0.678223),fov=70.000000,dt=0.015917},
	{cf=CFrame.new(5.901051,-0.045871,-0.687759,0.642032,0.265180,0.719357,-0.229029,0.961772,-0.150132,-0.731669,-0.068364,0.678223),fov=70.000000,dt=0.016225},
	{cf=CFrame.new(5.886051,-0.042201,-0.697235,0.642037,0.265170,0.719357,-0.229014,0.961776,-0.150132,-0.731671,-0.068352,0.678223),fov=70.000000,dt=0.015470},
	{cf=CFrame.new(5.871067,-0.038533,-0.706726,0.642041,0.265159,0.719357,-0.228998,0.961780,-0.150132,-0.731672,-0.068340,0.678223),fov=70.000000,dt=0.017624},
	{cf=CFrame.new(5.861675,-0.035909,-0.722382,0.642045,0.265149,0.719357,-0.228982,0.961783,-0.150132,-0.731673,-0.068328,0.678223),fov=70.000000,dt=0.016271},
	{cf=CFrame.new(5.852287,-0.033286,-0.738052,0.642049,0.265139,0.719357,-0.228967,0.961787,-0.150132,-0.731674,-0.068317,0.678223),fov=70.000000,dt=0.017718},
	{cf=CFrame.new(5.842896,-0.030663,-0.753693,0.642054,0.265128,0.719357,-0.228951,0.961791,-0.150132,-0.731675,-0.068305,0.678223),fov=70.000000,dt=0.016813},
	{cf=CFrame.new(5.833504,-0.028040,-0.769348,0.642058,0.265118,0.719357,-0.228936,0.961794,-0.150132,-0.731676,-0.068293,0.678223),fov=70.000000,dt=0.016872},
	{cf=CFrame.new(5.824100,-0.025410,-0.785004,0.642062,0.265108,0.719357,-0.228920,0.961798,-0.150132,-0.731677,-0.068281,0.678223),fov=70.000000,dt=0.016852},
	{cf=CFrame.new(5.806103,-0.019840,-0.795258,0.642067,0.265095,0.719357,-0.228902,0.961802,-0.150132,-0.731678,-0.068267,0.678223),fov=70.000000,dt=0.016136},
	{cf=CFrame.new(5.788113,-0.014270,-0.805496,0.642072,0.265083,0.719357,-0.228884,0.961807,-0.150132,-0.731680,-0.068254,0.678223),fov=70.000000,dt=0.017426},
	{cf=CFrame.new(5.770119,-0.008700,-0.815735,0.642077,0.265071,0.719357,-0.228866,0.961811,-0.150132,-0.731681,-0.068240,0.678223),fov=70.000000,dt=0.017067},
	{cf=CFrame.new(5.752125,-0.003130,-0.826004,0.642082,0.265059,0.719357,-0.228848,0.961815,-0.150132,-0.731682,-0.068226,0.678223),fov=70.000000,dt=0.015726},
	{cf=CFrame.new(5.734131,0.002440,-0.836243,0.642087,0.265047,0.719357,-0.228830,0.961820,-0.150132,-0.731684,-0.068212,0.678223),fov=70.000000,dt=0.015627},
	{cf=CFrame.new(5.716118,0.008017,-0.846527,0.642092,0.265035,0.719357,-0.228812,0.961824,-0.150132,-0.731685,-0.068198,0.678223),fov=70.000000,dt=0.016332},
	{cf=CFrame.new(5.688641,0.016898,-0.874374,0.642102,0.265012,0.719357,-0.228777,0.961832,-0.150132,-0.731687,-0.068172,0.678223),fov=70.000000,dt=0.018198},
	{cf=CFrame.new(5.661163,0.025780,-0.902191,0.642112,0.264988,0.719357,-0.228742,0.961841,-0.150132,-0.731690,-0.068145,0.678223),fov=70.000000,dt=0.017328},
	{cf=CFrame.new(5.633686,0.034661,-0.930038,0.642121,0.264965,0.719357,-0.228707,0.961849,-0.150132,-0.731692,-0.068119,0.678223),fov=70.000000,dt=0.016714},
	{cf=CFrame.new(5.606159,0.043551,-0.957916,0.642131,0.264942,0.719357,-0.228672,0.961857,-0.150132,-0.731695,-0.068092,0.678223),fov=70.000000,dt=0.016349},
	{cf=CFrame.new(5.557457,0.056108,-1.008286,0.642148,0.264900,0.719357,-0.228610,0.961872,-0.150132,-0.731699,-0.068045,0.678223),fov=70.000000,dt=0.015065},
	{cf=CFrame.new(5.508587,0.068700,-1.058823,0.642165,0.264859,0.719356,-0.228548,0.961887,-0.150132,-0.731703,-0.067998,0.678223),fov=70.000000,dt=0.018680},
	{cf=CFrame.new(5.386524,0.095970,-1.178757,0.642198,0.264778,0.719357,-0.228428,0.961915,-0.150132,-0.731712,-0.067906,0.678223),fov=70.000000,dt=0.015516},
	{cf=CFrame.new(5.067314,0.154100,-1.476379,0.637297,0.263121,0.724306,-0.227123,0.962286,-0.149733,-0.736388,-0.069082,0.673023),fov=70.000000,dt=0.016748},
	{cf=CFrame.new(-5.992237,-0.958858,-9.093887,-0.774323,-0.130363,-0.619217,-0.169104,0.985590,0.003968,0.609776,0.107785,-0.785210),fov=70.000000,dt=0.019325},
	{cf=CFrame.new(-5.536026,-0.701891,-9.452133,-0.779572,0.094205,-0.619188,0.116851,0.993141,0.003980,0.615316,-0.069250,-0.785233),fov=70.000000,dt=0.013326},
	{cf=CFrame.new(-6.085075,-0.708647,-9.019104,-0.785216,-0.004736,-0.619204,-0.009164,0.999950,0.003973,0.619154,0.008794,-0.785220),fov=70.000000,dt=0.016214},
	{cf=CFrame.new(-5.905758,-0.720917,-9.067307,-0.769658,0.137886,-0.623389,0.174091,0.984726,0.002870,0.614262,-0.106317,-0.781907),fov=70.000000,dt=0.016546},
	{cf=CFrame.new(-5.881424,-0.814598,-9.126953,-0.775662,0.108080,-0.621826,0.141163,0.989978,-0.004017,0.615160,-0.090895,-0.783145),fov=70.000000,dt=0.017616},
	{cf=CFrame.new(-5.857315,-0.907647,-9.186462,-0.781011,0.078192,-0.619603,0.108112,0.994080,-0.010825,0.615088,-0.075441,-0.784841),fov=70.000000,dt=0.017351},
	{cf=CFrame.new(-5.927830,-0.744292,-9.188126,-0.777884,0.060197,-0.625518,0.079747,0.996810,-0.003243,0.623327,-0.052406,-0.780203),fov=70.000000,dt=0.015998},
	{cf=CFrame.new(-6.096863,-0.352456,-9.192139,-0.768117,0.017594,-0.640067,0.011197,0.999839,0.014045,0.640211,0.003622,-0.768191),fov=70.000000,dt=0.016119},
	{cf=CFrame.new(-6.023151,-0.419606,-9.196487,-0.773259,0.010938,-0.633995,0.005104,0.999927,0.011026,0.634069,0.005289,-0.773258),fov=70.000000,dt=0.016317},
	{cf=CFrame.new(-5.846275,-0.580736,-9.206909,-0.785232,-0.005086,-0.619180,-0.009612,0.999946,0.003977,0.619127,0.009074,-0.785239),fov=70.000000,dt=0.016900},
	{cf=CFrame.new(-5.846272,-0.580736,-9.206909,-0.785234,-0.005086,-0.619179,-0.009612,0.999946,0.003977,0.619125,0.009074,-0.785240),fov=70.000000,dt=0.017392},
	{cf=CFrame.new(-5.846291,-0.580637,-9.206879,-0.785235,-0.005051,-0.619177,-0.009567,0.999946,0.003976,0.619124,0.009046,-0.785241),fov=70.000000,dt=0.017072},
	{cf=CFrame.new(-5.856483,-0.542015,-9.198639,-0.785199,0.008787,-0.619181,0.008054,0.999960,0.003977,0.619191,-0.001864,-0.785238),fov=70.000000,dt=0.016908},
	{cf=CFrame.new(-5.866192,-0.597900,-9.191269,-0.785234,0.001841,-0.619196,-0.000791,0.999992,0.003977,0.619198,0.003612,-0.785226),fov=70.000000,dt=0.016887},
	{cf=CFrame.new(-5.875870,-0.653614,-9.183929,-0.785232,-0.005086,-0.619180,-0.009612,0.999946,0.003977,0.619127,0.009074,-0.785239),fov=70.000000,dt=0.015355},
	{cf=CFrame.new(-5.871635,-0.643198,-9.187210,-0.785233,-0.005086,-0.619180,-0.009612,0.999946,0.003977,0.619126,0.009074,-0.785239),fov=70.000000,dt=0.016684},
	{cf=CFrame.new(-5.867405,-0.632783,-9.190491,-0.785233,-0.005086,-0.619180,-0.009612,0.999946,0.003977,0.619126,0.009074,-0.785239),fov=70.000000,dt=0.016731},
	{cf=CFrame.new(-7.267727,2.463253,-11.731186,-0.785246,0.002462,-0.619180,0.000000,0.999992,0.003977,0.619184,0.003123,-0.785239),fov=70.000000,dt=0.018588},
	{cf=CFrame.new(-7.352100,2.480809,-11.719620,-0.785246,0.002462,-0.619180,0.000000,0.999992,0.003977,0.619184,0.003123,-0.785239),fov=70.000000,dt=0.015544},
	{cf=CFrame.new(-7.417191,2.489811,-11.709702,-0.785246,0.002462,-0.619180,0.000000,0.999992,0.003977,0.619184,0.003123,-0.785239),fov=70.000000,dt=0.015724},
	{cf=CFrame.new(-7.470764,2.492505,-11.700287,-0.785246,0.002462,-0.619180,0.000000,0.999992,0.003977,0.619184,0.003123,-0.785239),fov=70.000000,dt=0.016345},
	{cf=CFrame.new(-7.512669,2.486890,-11.690079,-0.785246,0.002462,-0.619180,0.000000,0.999992,0.003977,0.619184,0.003123,-0.785239),fov=70.000000,dt=0.016600},
	{cf=CFrame.new(-7.543056,2.473245,-11.678497,-0.785246,0.002462,-0.619180,0.000000,0.999992,0.003977,0.619184,0.003123,-0.785239),fov=70.000000,dt=0.016735},
	{cf=CFrame.new(-7.564583,2.451842,-11.664551,-0.785246,0.002462,-0.619180,0.000000,0.999992,0.003977,0.619184,0.003123,-0.785239),fov=70.000000,dt=0.017240},
	{cf=CFrame.new(-7.577030,2.425066,-11.648819,-0.785246,0.002462,-0.619180,0.000000,0.999992,0.003977,0.619184,0.003123,-0.785239),fov=70.000000,dt=0.016833},
	{cf=CFrame.new(-7.582443,2.392848,-11.630447,-0.785246,0.002462,-0.619180,0.000000,0.999992,0.003977,0.619184,0.003123,-0.785239),fov=70.000000,dt=0.016412},
	{cf=CFrame.new(-7.581936,2.355721,-11.609116,-0.785246,0.002462,-0.619180,0.000000,0.999992,0.003977,0.619184,0.003123,-0.785239),fov=70.000000,dt=0.017022},
	{cf=CFrame.new(-7.578636,2.313138,-11.588913,-0.785246,0.002462,-0.619180,0.000000,0.999992,0.003977,0.619184,0.003123,-0.785239),fov=70.000000,dt=0.016323},
	{cf=CFrame.new(-7.573723,2.264824,-11.570282,-0.785246,0.002462,-0.619180,0.000000,0.999992,0.003977,0.619184,0.003123,-0.785239),fov=70.000000,dt=0.016522},
	{cf=CFrame.new(-7.567089,2.208231,-11.551620,-0.785246,0.002462,-0.619180,0.000000,0.999992,0.003977,0.619184,0.003123,-0.785239),fov=70.000000,dt=0.017237},
	{cf=CFrame.new(-7.559834,2.151350,-11.534912,-0.785246,0.002462,-0.619180,0.000000,0.999992,0.003977,0.619184,0.003123,-0.785239),fov=70.000000,dt=0.016061},
	{cf=CFrame.new(-7.551285,2.087592,-11.517670,-0.785246,0.002462,-0.619180,0.000000,0.999992,0.003977,0.619184,0.003123,-0.785239),fov=70.000000,dt=0.016984},
	{cf=CFrame.new(-7.543701,2.021707,-11.503693,-0.785246,0.002462,-0.619180,0.000000,0.999992,0.003977,0.619184,0.003123,-0.785239),fov=70.000000,dt=0.016108},
	{cf=CFrame.new(-7.537212,1.952900,-11.492874,-0.785246,0.002462,-0.619180,0.000000,0.999992,0.003977,0.619184,0.003123,-0.785239),fov=70.000000,dt=0.015982},
	{cf=CFrame.new(-7.530560,1.874596,-11.485855,-0.785246,0.002462,-0.619180,0.000000,0.999992,0.003977,0.619184,0.003123,-0.785239),fov=70.000000,dt=0.017597},
	{cf=CFrame.new(-7.524281,1.796957,-11.483398,-0.785246,0.002462,-0.619180,0.000000,0.999992,0.003977,0.619184,0.003123,-0.785239),fov=70.000000,dt=0.015906},
	{cf=CFrame.new(-7.517822,1.714948,-11.484283,-0.785246,0.002462,-0.619180,0.000000,0.999992,0.003977,0.619184,0.003123,-0.785239),fov=70.000000,dt=0.016177},
	{cf=CFrame.new(-7.510799,1.624866,-11.488129,-0.785246,0.002462,-0.619180,0.000000,0.999992,0.003977,0.619184,0.003123,-0.785239),fov=70.000000,dt=0.017312},
	{cf=CFrame.new(-7.503838,1.535872,-11.494034,-0.785246,0.002462,-0.619180,0.000000,0.999992,0.003977,0.619184,0.003123,-0.785239),fov=70.000000,dt=0.016169},
	{cf=CFrame.new(-7.496468,1.442683,-11.501877,-0.785246,0.002462,-0.619180,0.000000,0.999992,0.003977,0.619184,0.003123,-0.785239),fov=70.000000,dt=0.017132},
	{cf=CFrame.new(-7.489120,1.351602,-11.510712,-0.785246,0.002462,-0.619180,0.000000,0.999992,0.003977,0.619184,0.003123,-0.785239),fov=70.000000,dt=0.015810},
	{cf=CFrame.new(-7.481049,1.253756,-11.521118,-0.785246,0.002462,-0.619180,0.000000,0.999992,0.003977,0.619184,0.003123,-0.785239),fov=70.000000,dt=0.017115},
	{cf=CFrame.new(-7.481503,1.133412,-11.545593,-0.785246,0.002462,-0.619180,0.000000,0.999992,0.003977,0.619184,0.003123,-0.785239),fov=70.000000,dt=0.015983},
	{cf=CFrame.new(-7.489590,0.972850,-11.587921,-0.785246,0.002462,-0.619180,0.000000,0.999992,0.003977,0.619184,0.003123,-0.785239),fov=70.000000,dt=0.016813},
	{cf=CFrame.new(-7.506287,0.778198,-11.642548,-0.785246,0.002462,-0.619180,0.000000,0.999992,0.003977,0.619184,0.003123,-0.785239),fov=70.000000,dt=0.017543},
	{cf=CFrame.new(-7.529182,0.544839,-11.695068,-0.785246,0.002462,-0.619180,0.000000,0.999992,0.003977,0.619184,0.003123,-0.785239),fov=70.000000,dt=0.017763},
	{cf=CFrame.new(-7.537762,0.341894,-11.717606,-0.785246,0.002462,-0.619180,0.000000,0.999992,0.003977,0.619184,0.003123,-0.785239),fov=70.000000,dt=0.016408},
}

local accumulated = 0
local index = 1
local smoothRootCF = root.CFrame

RunService:BindToRenderStep('FollowCinematic', Enum.RenderPriority.Camera.Value + 1, function(dt)

	accumulated += dt

	smoothRootCF = root.CFrame

	while frames[index] and accumulated >= frames[index].dt do

		accumulated -= frames[index].dt

		local f = frames[index]

		camera.CFrame = smoothRootCF * f.cf
		camera.FieldOfView = f.fov

		index += 1

	end

	if not frames[index] then
		RunService:UnbindFromRenderStep('FollowCinematic')
		camera.CameraType = Enum.CameraType.Custom
	end

end)
	
